q_m	density,	T,
0.0	38.330505	73588359.0
0.0010341332777422663	44.711451000000004	79078293.0
0.002068297672317976	56.621801	87271700.0
0.0031023949490667224	72.552162	95122841.0
0.0041364629208489045	87.85303499999999	100622760.0
0.005170644331211616	100.49457	104468190.0
0.006204733651504424	112.82363000000001	107640080.0
0.007238911753241761	126.89588	111076040.0
0.008272986736158394	144.67696999999998	115178380.0
0.009307193906532119	166.24942	120033250.0
0.010341315052648903	192.75538	126195100.0
0.01137535348313401	231.8315	134428610.0
0.012409506218744482	296.09289	144902830.0
0.01344360578002013	387.91701	157373440.0
0.014477779312703665	497.90717	169435840.0
0.015511899671052487	633.3404099999999	179989530.0
0.016545995451042184	795.66701	189336090.0
0.017580100999354253	999.82395	197108930.0
0.01861430328556668	1212.2673	204521320.0
0.01964832682723827	1481.4525	210740880.0
0.020682544790032398	1812.4617	215212500.0
0.021716626311422904	2221.7805	216345160.0
0.022750719176671264	2772.9240000000004	213426210.0
0.02378492886790229	3415.0919	208733500.0
0.02481901629755212	4159.8465	202746610.0
0.025853152332482643	5041.5939	198136720.0
0.026887368168303283	5862.1532	193478290.0
0.02792132853098761	6935.7172	189105240.0
0.02895554609989781	7971.7229	184691180.0
0.029989577676801993	9002.8539	180669120.0
0.03102377043102278	10330.782	177560910.0
0.032057960191725354	11312.296999999999	174405270.0
0.033092011147720424	12656.36	171974870.0
0.03412621808176364	13883.207	170420760.0
0.03516029298590351	14930.123	168710330.0
0.03619438143965159	16638.2	166353910.0
0.03722849722894661	17581.345	164944090.0
0.0382626980184001	19187.828999999998	163386330.0
0.03929679734334546	20600.234	160940450.0
0.04033094614011623	21806.467	159318190.0
0.0413649833101728	23300.275	157782630.0
0.04239920347871706	25064.495	155898170.0
0.04343333691401341	26518.906000000003	154889880.0
0.04446751407042937	27765.627	153475670.0
0.045501615522348215	28965.37	151853080.0
0.04653573485659879	30615.867000000002	150776500.0
0.047569917212282986	32341.394	150388920.0
0.04860395855750943	33984.518	149781400.0
0.049638098373726014	35570.877	148597200.0
0.050672212508708236	36137.171	148185590.0
0.05170626251938193	38401.382000000005	147304030.0
0.052740410922268666	39432.312000000005	147088070.0
0.053774490789346485	41377.126000000004	146149350.0
0.05480867495689701	43054.344000000005	145769850.0
0.05584285597337568	44418.626	145616010.0
0.05687690196643291	45222.018	144878590.0
0.057910990892841796	47639.72	144356870.0
0.05894517379996356	48412.846	144165070.0
0.059979256109121915	50314.624	144180910.0
0.061013405614883776	51680.389	143344220.0
0.062047493438417534	54442.03400000001	142979830.0
0.06308171045589017	53637.515999999996	142860870.0
0.06411578788088745	56645.585999999996	142285850.0
0.06514994904561466	58946.63	142277430.0
0.0661840122907893	58851.067	141805600.0
0.06721825719524643	60349.482	141364240.0
0.06825236250722799	62176.231	141329940.0
0.06928643370885867	63957.780999999995	141258980.0
0.07032069499888849	66586.562	140650770.0
0.07135464362383082	68051.576	140534670.0
0.07238880305546846	68486.681	140367060.0
0.07342290616169989	68491.709	140129410.0
0.07445712656657466	73275.433	139123290.0
0.07549120517322372	73500.035	139395310.0
0.07652530946110703	73245.685	139419920.0
0.07755938601955947	77503.723	138908350.0
0.07859353662819646	78189.55099999999	138910900.0
0.07962775333056205	79380.29	138656580.0
0.08066181531530803	82590.637	138103720.0
0.08169598616958063	81710.339	137903260.0
0.08273008998480313	84164.198	137636160.0
0.08376420348957103	85139.692	137658860.0
0.08479833739752807	89273.756	137853010.0
0.08583246642132403	88204.972	136945750.0
0.08686659552389686	91329.425	136734620.0
0.08790068397764494	89658.33099999999	136851360.0
0.08893479259825177	95408.59800000001	136916810.0
0.08996899141828552	95950.555	136697220.0
0.0910030416652895	97104.744	136383750.0
0.09203716304773657	98202.43800000001	136088350.0
0.09307140803097047	99718.134	136006360.0
0.09410553335225724	103828.74	135933700.0
0.09513966938718765	102098.28	135891750.0
0.09617365653398124	102977.21	135614420.0
0.09720787764784711	108454.39	135617010.0
0.09824195026746008	107709.49	135174850.0
0.09927615160835124	111206.07	135132530.0
0.1003101887784077	109502.1	135003400.0
0.10134431520256948	110349.43	134994340.0
0.10237843107064126	117087.81	134446050.0
0.10341264588236365	118187.41	134788330.0
0.10444679523057199	116728.67	134417900.0
0.10548085682143404	120361.24	134497320.0
0.10651496221219237	119996.91	134255910.0
0.10754917450305757	121516.26	134083880.0
0.1085831792958526	124554.63	134173930.0
0.10961737386193948	127913.97	133555420.0
0.11065144372436475	128065.78	133586130.0
0.11168555116331969	126494.34	133427720.0
0.11271977487681961	130123.78	133422470.0
0.11375380432675053	133555.97	133141370.0
0.1147880843656568	132527.18	132904840.0
0.11582209490915762	137215.25	133308520.0
0.11685634926682964	137218.68	132781310.0
0.11789042188644261	137796.86	132951160.0
0.11892448426507252	141245.95	132594400.0
0.11995858004506221	140882.06	132241890.0
0.12099269969441995	144227.92	132318550.0
0.12202685116960166	147480.95	132156670.0
0.12306105652810917	145905.03	132142650.0
0.1240950751068427	148428.8	132068310.0
0.12512920460329957	150074.38	131884270.0
0.12616343895166637	150580.26	131333940.0
0.12719752630253944	153747.37	131781860.0
0.12823165477489795	155266.23	131810310.0
0.12926569667156196	155391.47	131410240.0
0.13029991715521339	159369.25	131298700.0
0.13133394928355524	161266.96	131087020.0
0.13236816480426883	164675.18	131272070.0
0.1334022360058995	160852.74	131056460.0
0.13443643482593326	161216.26	131058930.0
0.13547057440581944	167306.04	130600050.0
0.13650465380023635	169178.73	130698260.0
0.13753875210108346	169044.85	130698080.0
0.13857290924819432	171987.44	130575770.0
0.13960698974548647	172536.63	130485470.0
0.14064116406593785	176669.55	130623710.0
0.14167525897938282	176521.72	130244930.0
0.14270935980108723	175784.41	130334180.0
0.14374347283319444	180810.61	130398610.0
0.14477766952625482	181589.92	130193150.0
0.14581177806808499	185201.04	129978460.0
0.14684593513641886	185936.98	129740450.0
0.14788009701013716	182679.54	129925820.0
0.14891414914778411	189440.03	129672800.0
0.1499482548536497	187309.37	129385630.0
0.15098236827964084	193386.43	129706840.0
0.15201655205330733	189149.86	129662030.0
0.15305060111865942	194484.14	129697660.0
0.15408473652337562	197472.01	129172510.0
0.15511900726662042	199524.26	129454490.0
0.15615304798163265	200118.4	129257980.0
0.15718722986465605	201361.14	129367650.0
0.15822129405515217	200809.82	129327050.0
0.15925541291674206	204339.99	129387360.0
0.16028959621774774	204316.52	129109060.0
0.16132369333694296	212671.41	129049690.0
0.16235774531703628	208641.66	128906990.0
0.16339194492483788	208174.51	128898770.0
0.16442604007461326	212898.89	129206590.0
0.1654602306230838	215760.67	128911730.0
0.1664942729924086	213781.33	128861280.0
0.16752849481526555	217873.44	129083000.0
0.16856252505296443	221846.83	128985450.0
0.1695966736134048	225136.16	128839360.0
0.1706308214648542	221629.6	128971170.0
0.1716648806136356	222182.58	128416620.0
0.1726991470241569	223412.18	128961800.0
0.1737331958531786	226221.37	128794360.0
0.17476725531706727	228268.52	128777160.0
0.17580140324729343	233072.49	128793480.0
0.17683559655295167	234404.42	128771470.0
0.17786969540523634	233504.04	128484800.0
0.17890387169510746	235814.44	128717780.0
0.17993795179851568	238976.63	128587860.0
0.1809721184776183	238858.24	128791710.0
0.18200621756623325	242682.14	128836490.0
0.18304026600137113	236582.22	128760510.0
0.18407449633212158	246063.2	128558120.0
0.18510857036971673	245928.13	128816200.0
0.18614281314720038	250640.1	128784320.0
0.18717689159629602	248482.48	128756360.0
0.18821089087471554	255043.59	128661890.0
0.18924507456960515	251909.05	128780040.0
0.19027917168880037	250352.05	128537430.0
0.19131335357182377	257934.95	128792140.0
0.19234748432870918	254401.27	128721530.0
0.19338163816719456	262347.03	128794460.0
0.1944157615190616	261205.68	128790150.0
0.1954498268912096	261251.33	128866470.0
0.1964839116424485	262765.38	128877060.0
0.19751815599546807	267734.88	128708200.0
0.1985522519330114	267063.58	128656600.0
0.1995863463737957	267356.88	129131580.0
0.20062043648185635	271739.53	128871590.0
0.20165461702567433	273732.73	129024370.0
0.20268880087811758	280439.96	128812680.0
0.20372278944289346	272056.82	129196780.0
0.20475698613595383	277247.86	129040550.0
0.20579106269440628	284624.01	128858200.0
0.20682524103247413	280459.52	128925560.0
0.2078593377577853	278174.14	129247680.0
0.20889346898733152	287673.96	129016500.0
0.20992757760793834	282135.98	129055760.0
0.2109616691339813	290822.12	129260550.0
0.211995915692751	290151.25	129417920.0
0.21303005850248558	286246.3	129022860.0
0.2140640799171838	291846.09	129064630.0
0.21509823028949038	297327.38	129388380.0
0.21613245006415072	300252.33	129556670.0
0.2171664906216093	299258.65	129331240.0
0.21820055725418608	302401.13	129392410.0
0.21923472188509208	299730.42	129321290.0
0.22026888998217686	300539.03	129508580.0
0.22130302404768754	304451.17	129546480.0
0.22233712077299883	308135.68	129580500.0
0.22337122395800701	305518.68	129594910.0
0.22440542301437105	315559.89	129643640.0
0.22543946703800843	305259.92	129566850.0
0.2264736452972994	314487.53	129884890.0
0.2275077298122079	314605.67	129576900.0
0.2285418960974266	319322.88	129740420.0
0.22957601803131122	321021.41	129997690.0
0.23061014847308947	322996.1	129694920.0
0.23164425559693735	319099.64	129925400.0
0.2326783478319715	321644.38	129782380.0
0.23371244668425617	321004.13	130017470.0
0.23474662258024337	325044.44	129885280.0
0.2357807174149117	336130.14	129869250.0
0.23681487109584354	326572.18	130337010.0
0.23784901997139118	334800.88	130040790.0
0.23888315892106293	334573.8	130251840.0
0.23991725438594547	337345.74	130056130.0
0.24095141878052118	335826.37	130175040.0
0.2419854707606145	340969.63	130252120.0
0.2430196399605744	347249.18	130190970.0
0.24405374093983234	338560.82	130135280.0
0.24508796095082308	343999.85	130316530.0
0.2461220000902995	342824.94	130132860.0
0.24715622923939806	348575.87	130278880.0
0.24819022127035273	349474.73	130367930.0
0.2492244227687973	352751.19	130555700.0
0.25025850759881296	348253.51	130459410.0
0.251292604402901	358380.35	130576650.0
0.2523268203962754	356438.87	130532450.0
0.25336089624573677	357853.83	130373800.0
0.254395063791384	363134.24	130520380.0
0.2554291093117804	359711.7	130598600.0
0.256463333182834	365407.69	130429760.0
0.25749748268859596	362687.36	130581820.0
0.258531538607529	371585.57	130391340.0
0.25956562154690166	370113.88	130650060.0
0.2605997445836614	371808.39	130755460.0
0.2616339493119545	364999.34	130820490.0
0.2626680487944535	373181.17	130852070.0
0.2637022357191916	378350.72	130515470.0
0.26473632307006467	377934.04	130745210.0
0.26577045965643276	380884.46	130785680.0
0.26680454692852895	376959.35	130852600.0
0.2678387416521695	379752.17	130701460.0
0.26887282853038164	388320.61	130766310.0
0.26990687775328737	389607.9	130797370.0
0.2709411293537718	393049.58	130719430.0
0.27197517503172175	384998.21	130941330.0
0.2730092446578166	389460.71	130918120.0
0.2740434951554258	398801.08	130721910.0
0.275077515073365	395297.55	130798180.0
0.2761116639489126	399996.96	130979600.0
0.27714588923794836	394680.71	130982050.0
0.27817997075933876	396089.99	130934560.0
0.27921405984330117	398862.44	130905390.0
0.28024814514597773	401370.85	130709970.0
0.2812822632985763	409871.91	131105720.0
0.28231647275347693	403942.2	131154510.0
0.28335059295427234	422488.72	131079130.0
0.28438468952203	410589.06	131051830.0
0.2854189038610917	414648.87	131223680.0
0.2864529923148398	421158.64	130988070.0
0.28748702672770854	413412.09	130984830.0
0.28852118836509644	417355.38	130906100.0
0.2895553517355737	415832.51	130925000.0
0.290589446570242	417743.72	130937850.0
0.29162352840673944	422600.8	131277090.0
0.2926576604240535	420530.15	131239570.0
0.2936918635768109	431371.89	131042950.0
0.29472603261921726	438763.78	131443170.0
0.2957600296131099	431671.83	131094480.0
0.29679417147752296	433598.48	131129780.0
0.2978283367386433	440555.23	131354050.0
0.29886241873269437	433781.21	131401950.0
0.29989664165842655	432268.94	131194770.0
0.30093072727621006	437740.36	131113920.0
0.3019648791452757	434666.22	131199000.0
0.3029989219872612	455597.63	131078440.0
0.304033048805307	444013.32	131492380.0
0.305067177829103	455529.62	131128280.0
0.3061014027242548	441205.1	131311750.0
0.30713544540868665	452542.1	131468680.0
0.30816954583650724	454518.97	131323560.0
0.30920375308565773	454245.44	131216480.0
0.3102378677720775	451158.98	131584660.0
0.31127193101725215	457108.06	131300660.0
0.31230613543043817	458016.51	131574940.0
0.31334032747566776	469020.65	131377070.0
0.3143743315594716	464337.0	131311160.0
0.3154085577938289	474794.39	131661350.0
0.31644257731788406	464407.27	131553600.0
0.3174767333621197	468176.62	131566790.0
0.31851093856307355	477083.19	131556790.0
0.3195450059046415	464215.14	131266610.0
0.32057914997480474	475393.28	131407820.0
0.32161327316911814	476456.03	131511030.0
0.3226473292456048	480341.48	131534260.0
0.32368148135100083	483158.28	131538780.0
0.3247155603515338	487667.78	131738400.0
0.3257498028926872	477621.6	131395770.0
0.3267838808691219	469341.4	131636790.0
0.32781796617179837	496278.71	131801490.0
0.3288520844031739	491394.3	131698240.0
0.32988632009074625	487918.66	131760620.0
0.33092040161213665	501307.86	131772640.0
0.33195452134027126	500986.04	131687080.0
0.33298873867285106	502784.85	131531870.0
0.33402278332670277	498279.43	131781130.0
0.33505686256356626	500594.87	131785560.0
0.3360910738303331	499489.1	131672350.0
0.3371250890216647	504796.58	131767570.0
0.33815930903265545	500258.9	131698310.0
0.33919344601290746	512036.97	131769710.0
0.3402275601478897	510540.94	131766510.0
0.34126164056640496	504090.05	131745850.0
0.3422957756560139	509763.59	131847270.0
0.3433298329929292	515491.68	131776870.0
0.34436410609947765	526928.54	131738970.0
0.3453981506745527	525303.73	132020090.0
0.3464322630764456	526404.94	131819780.0
0.3474664884442582	520228.1	131987410.0
0.34850055720380835	526776.97	131676670.0
0.3495346028817584	518646.14	132012700.0
0.35056875270262744	525473.02	131688890.0
0.3516029689323321	538751.28	132129300.0
0.3526370240634972	536286.43	131932890.0
0.3536712226472005	536378.32	131765310.0
0.35470530708333226	536450.27	131893830.0
0.35573935591235395	542341.29	132169080.0
0.3567735353532968	535850.98	131971050.0
0.35780765437244033	542367.22	131902660.0
0.3588417734703605	540660.79	131770180.0
0.35987591218370185	534661.62	132000070.0
0.3609100000072356	554751.22	132036740.0
0.3619441337576391	556664.52	132023240.0
0.362978323045681	563588.62	132189360.0
0.36401244222237794	556283.7	131912720.0
0.3650465008197219	545255.19	132248040.0
0.36608068837467433	550803.41	132096230.0
0.36711481842256855	560684.28	131866510.0
0.36814896903120553	557031.38	132138460.0
0.36918314744805014	569461.04	132067710.0
0.37021721723169854	575692.73	132112560.0
0.3712513683129963	575485.96	132240430.0
0.3722853948481859	570402.47	132055070.0
0.3733195468748052	566278.01	131738710.0
0.3743537505789999	565329.66	132087830.0
0.3753878327306046	567278.76	132323360.0
0.37642203501681715	571455.11	132319780.0
0.377456001996752	590049.24	132297780.0
0.3784901778927393	580602.59	132172390.0
0.37952432676828685	590117.1	132241510.0
0.38055843940651013	587011.58	132195980.0
0.3815925035182296	595701.41	132317880.0
0.38262665515096483	579543.31	132096330.0
0.38366088713602786	595493.91	131956510.0
0.38469497700775823	581141.46	132442580.0
0.3857291376210479	590608.23	132365680.0
0.3867631523397187	590536.18	132269000.0
0.38779735832844053	606417.59	132051840.0
0.3888314406375989	599789.52	132347260.0
0.38986557360023444	606307.86	132096940.0
0.39089973618294394	614428.98	132392500.0
0.3919338868703577	602782.18	132502600.0
0.39296789552321554	618465.35	132441640.0
0.39400201934774326	616654.78	132345600.0
0.3950361657024334	602116.46	132568740.0
0.39607034025921517	600304.54	132351400.0
0.39710441303638166	619419.9	132195630.0
0.39813861634669245	620097.96	132296520.0
0.39917269652887744	621205.19	132600900.0
0.40020685422742563	624164.87	132352760.0
0.40124101909466203	631441.26	132455310.0
0.40227509549556084	621776.77	132529310.0
0.4033092235740354	629637.34	132524210.0
0.4043433199054627	630886.6	132710570.0
0.40537748280327923	630423.05	132593210.0
0.40641156889372354	629737.15	132745820.0
0.4074456910639386	631479.27	132548050.0
0.4084798972889907	634255.52	132577660.0
0.4095139743988808	659164.96	132542060.0
0.41054816313548514	641826.2	132760840.0
0.4115822668719309	649119.09	132627300.0
0.41261632247575664	639562.01	132824550.0
0.41365041502589794	640861.19	132923650.0
0.4146846277894237	656332.26	132767900.0
0.41571868323569605	662848.43	132911050.0
0.41675284857559314	638004.34	133100740.0
0.4177870206115175	653718.16	132593460.0
0.4188210989818363	669169.32	132740950.0
0.41985531379355867	659379.08	132825250.0
0.42088940366528904	655554.34	133017390.0
0.4219234252375408	673304.55	132818500.0
0.4229576038119389	657601.41	133055070.0
0.4239916973074017	672535.69	133147990.0
0.4250258317667963	668505.67	132829500.0
0.4260600526443318	685404.56	133352780.0
0.4270940857179951	664195.15	133104720.0
0.42812820308282584	684211.65	133060100.0
0.4291623576303024	678542.53	133020800.0
0.43019648602388405	683051.55	133231140.0
0.43123065687815665	682828.12	133288950.0
0.43226469026692715	677030.82	133196580.0
0.43329881527310665	676841.56	133091750.0
0.4343329509929299	697318.49	133176610.0
0.4353671509158388	694050.11	133256480.0
0.4364011932063867	705431.66	133454840.0
0.43743537083546336	688643.74	133233610.0
0.43846951033657267	679377.52	133251650.0
0.43950369229837294	698883.03	133695440.0
0.44053779753157774	704366.62	133517800.0
0.4415718524264124	705200.74	133345810.0
0.4426060543975179	696270.06	133437450.0
0.44364024006182734	726130.49	133379510.0
0.44467423477119294	708158.95	133326460.0
0.445708449031478	723596.38	133733260.0
0.44674254906541455	716015.8	133549590.0
0.4477766688723259	706821.47	133524450.0
0.448810830037053	713030.28	133653850.0
0.4498449017113445	712479.52	133555100.0
0.4508789677924836	726695.04	133662290.0
0.4519131277755589	713637.07	133317390.0
0.4529473276984678	715927.09	133625280.0
0.4539814516017723	748663.52	133529270.0
0.45501557897125566	737677.72	133759830.0
0.4560496485973504	740150.5	133986760.0
0.45708377289453894	718977.86	133802670.0
0.4581179355560251	735455.56	133580030.0
0.4591519925778331	744914.87	133797210.0
0.46018618273241974	740765.93	133788630.0
0.46122024920744287	736960.0	133743610.0
0.46225443416276113	729559.11	133804670.0
0.46328853884452836	754742.66	133840170.0
0.4643226462834833	764453.98	133753320.0
0.4653567267019987	754351.4	134070440.0
0.4663908933023243	744326.86	133688080.0
0.4674250057042173	752907.93	133756920.0
0.46845919664657176	752053.64	134052620.0
0.4694934099615352	769158.74	133986800.0
0.4705275078684983	760558.26	133813020.0
0.4715615501590462	772008.84	133798760.0
0.4725956167128462	753250.72	134145010.0
0.47362974164024907	785601.01	134012290.0
0.4746638742090007	758828.66	134048130.0
0.4756981223433062	781211.23	134133970.0
0.476732209457849	758758.47	134211730.0
0.47776635092837805	785979.49	134298180.0
0.4788004974406219	780833.6	133743050.0
0.4798346259917572	773720.45	133905770.0
0.4808687112156568	775649.52	134184050.0
0.48190278107808193	787152.76	134051350.0
0.48293695807694426	799364.39	134113320.0
0.4839710438522815	799985.02	134209980.0
0.48500515081857565	783499.24	134444700.0
0.48603934932350223	790722.4	134366710.0
0.487073411387025	799951.62	134528880.0
0.48810758712545865	779980.15	134165710.0
0.4891417507322664	819892.97	134294100.0
0.49017579900985053	807393.54	134305590.0
0.49120993362679877	790089.94	134395600.0
0.4922441064504911	816856.98	134621000.0
0.4932781470079497	800891.45	134410570.0
0.4943123596926988	818398.93	134656720.0
0.49534642821591857	812863.98	134403130.0
0.4963806323927741	816680.01	134333290.0
0.497414669405277	815132.92	134451330.0
0.49844878606111676	814642.52	134651400.0
0.49948302868104677	821839.71	134522810.0
0.5005171077603565	830689.42	134716590.0
0.501551146112065	828329.76	134792120.0
0.5025853051498188	843461.91	134849250.0
0.5036194138492024	812119.53	134635210.0
0.5046536503245427	829095.16	134742830.0
0.505687732239817	832645.05	134751700.0
0.5067219141228405	830552.2	134740530.0
0.5077560620530666	845801.77	135006920.0
0.5087900699969332	845368.13	134957580.0
0.5098242314767675	853079.68	134969960.0
0.5108584098148352	848695.63	134907310.0
0.5118924935419759	866317.78	135071190.0
0.5129265964906536	834856.36	134814940.0
0.5139607756164893	850231.96	134579230.0
0.5149948698209432	857010.38	135355380.0
0.5160289540207446	837713.79	135010420.0
0.5170631272383208	871421.66	135413410.0
0.518097231211097	870076.83	135104410.0
0.5191313990718514	856279.86	135215840.0
0.5201654271825769	881725.57	135111960.0
0.5211995657383646	861098.94	135106870.0
0.5222337509300133	871582.87	135264380.0
0.5232679297407419	858458.81	135050080.0
0.524302042063858	889093.4	135579330.0
0.5253361094054259	875276.66	135275480.0
0.5263702032159958	876615.72	135234620.0
0.5274043683983393	890619.84	135471860.0
0.528438530114504	877254.08	135382320.0
0.5294726227434221	880273.11	135280390.0
0.5305067490100304	893386.0	135318230.0
0.5315409116715165	893935.66	135096450.0
0.5325750140687568	891942.07	135811800.0
0.5336091273371943	888687.87	135531850.0
0.5346433245816923	898007.21	135431810.0
0.5356774232764233	911384.6	135393680.0
0.536711554348416	900069.87	135604730.0
0.5377456781729437	917963.23	135758090.0
0.538779755519164	903674.5	135797360.0
0.5398138741444235	899650.05	135640340.0
0.5408480209717745	903452.34	135565230.0
0.5418820838230651	914413.51	135488210.0
0.5429162180461294	909789.0	135635630.0
0.5439503295814776	942185.71	135704270.0
0.5449845483320397	909106.62	135647560.0
0.5460185964520703	911209.09	136018870.0
0.5470527743962541	947418.64	135969950.0
0.5480869458019643	917237.74	135895110.0
0.5491210519017138	930921.45	135777480.0
0.5501551268058535	940873.98	135729720.0
0.5511893219233781	938649.8	136026800.0
0.552223471823024	941672.39	135932320.0
0.5532575283721712	915792.88	135953430.0
0.5542917229382582	950510.4	135819620.0
0.5553257415957686	937088.47	135801960.0
0.5563598400541694	952844.02	136091590.0
0.5573940114598794	946702.29	136093550.0
0.5584281968878586	952156.21	136029830.0
0.5594622351607902	956098.87	135982720.0
0.5604964370531188	953046.53	136179700.0
0.5615305793114158	959978.7	136282090.0
0.562564595841953	954231.27	136073780.0
0.563598792219906	981152.62	135932430.0
0.5646329168322017	943279.53	136231480.0
0.5656671039932701	970104.01	136039180.0
0.5667011747222401	979601.8	135976530.0
0.5677353048489111	971547.47	136054620.0
0.5687694411989488	960971.08	136268460.0
0.5698035827482548	993460.39	136321990.0
0.570837748797143	964317.86	136282580.0
0.5718717799801634	994317.34	136088100.0
0.5729059118399238	986457.59	136321530.0
0.5739400922261881	993452.26	136322060.0
0.5749741988773753	969171.89	136281770.0
0.5760083082857501	988744.22	136207300.0
0.5770423953215159	1001381.6	136193650.0
0.5780765957170855	1004119.0	136228870.0
0.5791106277666505	983547.64	136287270.0
0.580144792161226	997512.26	136340310.0
0.5811788806149741	1022399.3	136184820.0
0.5822130167286814	996988.24	136430310.0
0.5832471602474072	996317.8	136267060.0
0.5842813979043993	1019176.5	136320160.0
0.5853154858854867	1013185.9	136325710.0
0.5863495859194232	1023928.1	136567700.0
0.5873836473527316	1014435.6	136083600.0
0.5884177827574478	1024841.3	136182770.0
0.5894519367534868	1006725.9	136494440.0
0.5904860266252172	1032153.7	136434160.0
0.5915202185916699	1029725.5	136333480.0
0.592554265766379	1025171.8	136394040.0
0.5935884318940441	1035662.9	136181540.0
0.5946225188510332	1029236.9	136420620.0
0.5956567368138272	1030665.6	136363180.0
0.5966908544149885	1053860.0	136373690.0
0.5977249599633004	1031770.0	136528900.0
0.5987591101780535	1047747.9	136639160.0
0.5997931690117277	1051077.4	136139660.0
0.6008273042588903	1048289.4	136483370.0
0.6018613949971654	1047237.8	136544400.0
0.6028956495123912	1060986.5	136493350.0
0.6039297272524955	1047467.0	136304920.0
0.6049638249231283	1058841.6	136421640.0
0.605998007121259	1056227.7	136330400.0
0.6070320985685251	1076093.6	136667530.0
0.6080662351548931	1078332.2	136582570.0
0.6091003137615422	1063323.0	136642620.0
0.6101344718539745	1076928.1	136420820.0
0.611168542661721	1072717.0	136336830.0
0.6122026927189206	1066544.4	136721650.0
0.6132368033089473	1068476.6	136575710.0
0.614271004019624	1097489.6	136552350.0
0.6153051417088671	1063218.4	136610820.0
0.6163392593100282	1082883.7	136674660.0
0.6173733343717216	1103980.3	136295210.0
0.6184074874224392	1095833.8	136561270.0
0.6194416696205698	1113146.5	136697580.0
0.6204757716239262	1086443.7	136624530.0
0.6215098434557712	1092425.2	136562200.0
0.6225439742126566	1108213.5	136803640.0
0.6235781313597674	1090239.6	136807680.0
0.6246122033491659	1104789.5	136254640.0
0.625646349388749	1110971.7	136870030.0
0.6266804493439087	1124268.9	136359920.0
0.6277146326449143	1102759.2	136503800.0
0.6287487196806802	1125181.3	136682500.0
0.6297828693439957	1123015.5	136722730.0
0.6308170690305741	1129663.4	136724590.0
0.6318510930449064	1105300.1	136640290.0
0.632885288477538	1139212.1	136498750.0
0.6339193068987181	1126384.1	136645180.0
0.634953507530618	1131270.8	136658250.0
0.6359876129213764	1132229.7	136639180.0
0.6370218199341964	1144147.9	136572640.0
0.6380558316593491	1148125.0	136461730.0
0.6390899944783888	1115149.5	136479020.0
0.6401241539100265	1157504.5	136489380.0
0.6411583063305297	1138078.7	136741270.0
0.6421923298722012	1184470.8	136636800.0
0.6432264471582552	1125719.9	136645350.0
0.6442606644120582	1191110.5	136506320.0
0.6452947800437996	1145247.4	136213090.0
0.6463288620378507	1141928.7	136561850.0
0.6473630395093738	1168315.1	136649430.0
0.6483972211560669	1182354.5	136404950.0
0.6494313120518955	1165446.0	136781820.0
0.6504653898707767	1165095.1	136544770.0
0.6514995197611174	1166385.6	136446280.0
0.6525337068434092	1170783.3	136334400.0
0.6535677681979408	1189809.8	136532140.0
0.6546019279446857	1188152.8	136590050.0
0.6556360610648748	1193218.8	136371790.0
0.6566701715761247	1178998.3	136531530.0
0.6577043213969938	1174783.4	136667310.0
0.6587384585347994	1197209.1	136467080.0
0.6597725087818034	1193314.9	136717920.0
0.6608067068928459	1210554.0	136476520.0
0.6618407990491033	1191666.0	136688980.0
0.6628749166502643	1194095.2	136537590.0
0.663908982179966	1209961.7	136686420.0
0.6649430956059572	1221606.4	136531880.0
0.6659772900932673	1211603.1	136447520.0
0.6670113751596134	1240230.8	136755770.0
0.6680455704346915	1200351.9	136616320.0
0.6690796490413405	1215554.6	136551180.0
0.6701137546684294	1217977.5	136857200.0
0.6711478687246348	1210711.3	136689560.0
0.6721821014186891	1221687.9	136569580.0
0.6732161493023894	1240321.5	136546250.0
0.6742503086552503	1219006.0	136816130.0
0.6752844266502953	1235179.5	136376140.0
0.676318529283866	1251240.3	137175610.0
0.6773527221956404	1241438.3	136547730.0
0.6783868395604711	1251060.8	136795100.0
0.6794209367584432	1253797.6	136605640.0
0.6804550767322132	1261089.8	136796500.0
0.6814891751906139	1239137.2	136732000.0
0.6825232962579539	1253965.6	136864230.0
0.6835574768805487	1244692.2	136604250.0
0.6845915348476783	1255069.3	136643600.0
0.6856257250022648	1280691.3	136501770.0
0.6866597906107432	1274774.1	136873700.0
0.6876938738652232	1250688.9	137006550.0
0.6887280596870862	1257953.8	136794090.0
0.6897622403884577	1298765.4	136669660.0
0.6907963001674535	1286611.7	136612080.0
0.6918304020132562	1273729.8	136771710.0
0.6928646377008286	1261425.6	136877660.0
0.6938986971647172	1289214.9	136937870.0
0.6949327644275083	1315190.8	136724890.0
0.6959669404022724	1264363.9	137021150.0
0.6970010194815821	1309813.6	136897400.0
0.6980352376019299	1281722.6	136638860.0
0.6990693112456412	1294768.9	136593430.0
0.7001035098293444	1301667.1	136760360.0
0.7011375662209383	1318892.8	136943620.0
0.7021716397858727	1315909.7	136940360.0
0.7032058130822259	1315997.9	137061290.0
0.7042399033478401	1314549.0	137021190.0
0.7052741628260035	1303001.3	136530050.0
0.7063082286708124	1319947.8	136906130.0
0.707342327916981	1315618.4	136836740.0
0.7083764462271332	1326013.3	136960240.0
0.7094105399589264	1335619.5	136769350.0
0.7104447057714842	1314527.8	137119920.0
0.7114787861112228	1351907.9	137048720.0
0.7125129863492388	1343143.4	136788470.0
0.713547028167126	1315020.8	137134480.0
0.7145812119407924	1343357.9	137060630.0
0.715615430533801	1372419.0	137221890.0
0.7166494473794451	1333453.8	136725970.0
0.71768364690847	1348185.1	137040950.0
0.7187176608393728	1359569.2	137237580.0
0.7197518041217681	1357539.0	137169410.0
0.7207860504442074	1359773.0	137019970.0
0.7218200500377341	1358996.3	137285530.0
0.7228542161653992	1374590.1	137356600.0
0.7238884410605511	1361518.4	137012980.0
0.7249225442455592	1375765.2	137299990.0
0.7259566266334944	1378859.7	137068090.0
0.7269907614079961	1364010.7	137342130.0
0.7280248415901811	1389368.1	137234540.0
0.7290590784594053	1385985.5	137326900.0
0.7300931104301935	1374072.7	137202660.0
0.7311272808905821	1397465.6	137071710.0
0.7321613339735507	1380005.2	137221530.0
0.73319553216337	1399357.6	137177210.0
0.7342296714281489	1415348.9	137661840.0
0.7352637267956443	1402094.1	137177160.0
0.7362979297908481	1388936.5	137506950.0
0.7373319707421906	1406330.5	136932540.0
0.7383662092657275	1416443.3	137190550.0
0.7394002775526168	1409509.4	137500090.0
0.7404343931843582	1424322.5	137202140.0
0.7414685233110292	1412821.4	137309080.0
0.7425025787573015	1421936.5	137290550.0
0.743536708332535	1417239.8	137122300.0
0.7445708312117413	1435679.7	137693980.0
0.7456050340493914	1420411.5	137144190.0
0.7466391841065908	1451025.8	137691850.0
0.7476732649977669	1426886.7	137470360.0
0.7487073850410086	1454984.4	137358460.0
0.7497414957885888	1458182.7	137494850.0
0.7507756584500751	1436869.5	137532850.0
0.7518097626591815	1434876.7	137659360.0
0.7528438473316437	1451602.7	137315110.0
0.7538779885658424	1453591.6	137418220.0
0.7549121100270664	1462447.0	137823540.0
0.7559462832446426	1467228.8	137541040.0
0.7569803615361845	1450163.5	137464430.0
0.7580144673208269	1487470.3	137823470.0
0.7590486351028045	1480548.1	137792820.0
0.7600827744463603	1486222.5	137920680.0
0.7611168656572962	1448942.2	137706180.0
0.7621509993289228	1483637.5	137581720.0
0.7631851451321755	1465851.8	137797920.0
0.7642193322144673	1503967.9	137626610.0
0.765253463601567	1501148.7	138029820.0
0.7662875830933712	1496425.0	137949110.0
0.7673216896657814	1489507.4	137912350.0
0.768355743457741	1496101.5	137755020.0
0.7693899150210047	1497423.5	137822070.0
0.7704239989056989	1508091.3	137946870.0
0.7714581706265161	1516836.2	137789750.0
0.7724923217078139	1501767.2	137966740.0
0.7735263596656383	1527317.0	138008180.0
0.7745605072019804	1510134.3	138041060.0
0.7755947236680155	1527693.4	137890950.0
0.7766288246472736	1544688.0	137840340.0
0.7776629251538709	1497649.8	138000920.0
0.7786970992379919	1542147.5	137947770.0
0.7797311438130669	1551602.3	138105720.0
0.780765242822905	1542095.8	137942920.0
0.7817994322685005	1528333.8	137751040.0
0.7828336204536673	1550648.2	138142330.0
0.783867705283683	1534413.4	137951920.0
0.7849017545853655	1521965.7	138131390.0
0.7859359303237992	1569773.7	138104690.0
0.7869700282307623	1584711.3	138196400.0
0.788004153552049	1574718.6	137874030.0
0.7890383003794	1566341.2	137975680.0
0.7900723717385842	1553337.4	137798500.0
0.7911065318004363	1566096.9	138338920.0
0.7921407217974693	1580299.7	138220690.0
0.7931748061548243	1562603.7	137881300.0
0.7942088910636167	1613006.6	138208110.0
0.7952431324231182	1541327.9	137971380.0
0.7962772091391241	1601095.6	138028980.0
0.7973113077550784	1603779.3	138191250.0
0.7983454865658071	1601709.7	138066920.0
0.7993795572160001	1589905.4	137915600.0
0.8004136485844895	1585383.8	138272670.0
0.8014478878957944	1618788.6	138162850.0
0.8024819449176024	1631679.1	137707930.0
0.8035161187653931	1578516.3	138397080.0
0.804550144827922	1613061.6	138142890.0
0.805584386660084	1632999.1	137901270.0
0.8066184430516778	1644028.1	138094620.0
0.807652589800252	1633925.9	138135380.0
0.8086866666738117	1599654.0	138091670.0
0.8097207904195626	1602737.0	138036370.0
0.8107550239801615	1637858.1	138066600.0
0.8117891071558646	1675088.0	138213740.0
0.8128231756003075	1667742.2	138128680.0
0.8138573007640407	1622449.6	137886310.0
0.8148915319613359	1649258.8	137941660.0
0.8159255788209379	1645078.1	138193840.0
0.816959657033703	1633221.0	138305550.0
0.8179938386016192	1714401.5	138025500.0
0.8190279656559954	1631468.0	137885870.0
0.8200620873535498	1695946.2	137849910.0
0.8210962762477076	1672295.2	138122390.0
0.8221303030192276	1657327.8	138197970.0
0.823164435351649	1663202.2	137969280.0
0.8241985534254708	1675190.2	137838800.0
0.8252327576811032	1689556.7	138093040.0
0.8262668017047405	1717908.2	137835500.0
0.8273009806730227	1688153.7	138151170.0
0.8283351546783669	1688150.2	137835580.0
0.8293692989848606	1703697.5	137660860.0
0.8304034313172819	1727519.7	138137790.0
0.8314374986588497	1700704.2	138100290.0
0.8324715806529008	1706849.0	137703180.0
0.833505711882447	1701864.1	137773280.0
0.8345398530378689	1716917.6	138016720.0
0.8355740107364172	1728456.1	137622510.0
0.836608160320956	1731750.8	137817910.0
0.8376421965456909	1721049.2	137760770.0
0.838676383864313	1744875.0	137906970.0
0.8397104325357811	1740593.1	137669250.0
0.8407446776765686	1714106.5	137413480.0
0.8417787374555644	1757648.9	137822620.0
0.8428128437916442	1759851.2	137342830.0
0.8438470288257394	1760089.1	137496600.0
0.8448811109773442	1745398.0	137564070.0
0.8459152370076221	1756128.4	137472270.0
0.8469494308647179	1740473.5	137571820.0
0.8479834986789465	1812466.5	137368260.0
0.8490175906776503	1747523.6	137224700.0
0.8500517392380906	1796858.8	137086110.0
0.8510859176549352	1757663.0	137425310.0
0.8521200686574562	1773073.3	137467970.0
0.8531541656190977	1804962.0	137055260.0
0.8541882261858615	1793059.3	136992430.0
0.8552223666322923	1780083.4	137001040.0
0.8562565410315205	1791337.6	137097490.0
0.857290662256414	1821970.2	137177860.0
0.8583248087686579	1827631.5	136801500.0
0.859358954414357	1801651.1	137135730.0
0.8603929766955998	1798476.3	136437610.0
0.8614271131244142	1807810.8	136760460.0
0.8624613165135019	1793970.8	136964480.0
0.8634953961442493	1868625.8	136619290.0
0.864529499171704	1842875.9	136910290.0
0.8655636822363793	1827725.3	136390660.0
0.8665977717930025	1825053.5	136592830.0
0.8676319390235425	1842012.0	136391950.0
0.8686660689138832	1856060.9	136258770.0
0.8697001920294198	1847250.8	136582380.0
0.870734266854783	1843387.8	136289910.0
0.8717684701650938	1848417.6	136379480.0
0.8728024719643707	1904218.5	136155500.0
0.8738366434488576	1868816.2	136049680.0
0.8748708473893827	1854470.1	135838500.0
0.8759049081924769	1850076.0	135956750.0
0.8769391152840738	1907007.9	135982900.0
0.8779731185013329	1895892.0	135917440.0
0.8790073398515291	1868693.7	135670630.0
0.8800413623691022	1894087.2	135448040.0
0.8810755029730867	1903869.1	135662410.0
0.8821096263249537	1898398.5	135472820.0
0.8831438005666282	1900701.1	135407080.0
0.8841778742103394	1910563.4	134888610.0
0.8852120015798228	1920568.0	135285490.0
0.886246144547111	1913288.4	135093770.0
0.887280348172529	1921923.7	134934260.0
0.888314461677297	1906940.7	135003320.0
0.8893484977444784	1959250.0	134920400.0
0.8903826400027754	1934666.5	134708380.0
0.8914168151109948	1920628.6	134431330.0
0.8924510045565902	1944181.1	134572730.0
0.8934850410964325	1980550.9	134425370.0
0.8945192173075268	1955338.6	134367520.0
0.8955533715398962	1938144.2	134299550.0
0.8965874539278313	1952855.3	133844660.0
0.8976215630998757	1971218.8	134229060.0
0.8986557352933537	1977258.5	134056460.0
0.8996898477740234	1981899.7	133669600.0
0.9007240025578304	1982203.4	133824850.0
0.9017580580041027	1981122.5	133741470.0
0.9027922113699274	1975650.3	133925120.0
0.9038263193603199	1989762.8	133533700.0
0.9048604026147997	2024133.3	133540030.0
0.9058945484968292	1977673.0	133715850.0
0.9069287073770294	2024323.0	133275720.0
0.9079628167066274	1989104.5	133511280.0
0.9089969940993736	2066631.3	133353750.0
0.9100311022473198	2014430.5	133278680.0
0.9110651809327456	1979033.0	133332960.0
0.9120993190158727	2054520.8	132972120.0
0.9131334214131129	2063148.8	133132720.0
0.9141675495703643	2049958.7	133132420.0
0.9152017432699064	2011881.7	132957620.0
0.9162357916262674	2051623.9	132595520.0
0.91726992269826	2067763.2	133018300.0
0.9183040499101898	2063644.4	132734860.0
0.9193382637765908	2036297.7	132435900.0
0.9203723461645259	2103971.6	132217940.0
0.9214064349333811	2078705.0	132560650.0
0.9224406097264933	2062244.2	132398340.0
0.9234747340236819	2081383.9	131933450.0
0.9245087912030435	2127192.4	131994070.0
0.9255429734011741	2070208.1	132189250.0
0.9265771953815847	2089471.2	131794490.0
0.9276112307397749	2104679.7	131642410.0
0.9286453865476803	2165172.7	131851170.0
0.9296795169106816	2079115.0	131464340.0
0.9307137131310812	2098703.0	131641130.0
0.9317477511676825	2141398.7	131463880.0
0.932781912174856	2143715.9	131394430.0
0.9338159783347719	2128314.3	131385990.0
0.9348501260286677	2150367.8	131391020.0
0.9358841858076635	2151636.4	131057780.0
0.936918319951951	2139041.0	131128210.0
0.9379524974234741	2186308.8	131103140.0
0.9389866623694871	2141167.9	131036320.0
0.9400208147899904	2166992.6	130940660.0
0.941054813280642	2198630.2	131022470.0
0.9420890039866662	2193056.9	131081930.0
0.9431231537287584	2148092.7	130739160.0
0.9441572341472738	2208823.0	130938530.0
0.945191407758734	2201911.2	130796690.0
0.9462255268566542	2201724.8	130832030.0
0.9472595624511749	2195626.6	130741440.0
0.9482937273971881	2225261.3	130698560.0
0.9493278154570521	2246538.8	130633080.0
0.9503619986005043	2206089.2	130567960.0
0.9513961214797105	2242761.2	130543100.0
0.9524301937054395	2224778.9	130601510.0
0.9534643296615931	2231454.3	130451290.0
0.9544984864935967	2260514.4	130341590.0
0.9555326183533572	2269666.9	130477900.0
0.9565667343789825	2261323.9	130058310.0
0.9576008974343526	2277734.6	130293590.0
0.9586350196833445	2252217.0	130191010.0
0.9596691559546053	2313414.9	129985910.0
0.960703272216561	2269677.4	130100650.0
0.9617373764256676	2309694.7	129893350.0
0.962771534045439	2296780.7	130018860.0
0.963805602095998	2296461.4	129878630.0
0.9648397435665271	2336369.2	129912360.0
0.9658738904726549	2331922.1	129798160.0
0.9669080455715691	2300876.3	129666770.0
0.967942132607335	2354771.2	129651500.0
0.968976332451467	2357489.9	129367710.0
0.9700104657292097	2328157.2	129338180.0
0.9710446102720337	2360531.5	129005260.0
0.9720786535079032	2370961.9	129091510.0
0.9731127480274643	2365347.7	128698970.0
0.974146954016186	2375104.6	128548280.0
0.9751810026088774	2413614.5	128549750.0
0.9762151266697355	2366137.0	128178610.0
0.9772493039049281	2422166.2	128256350.0
0.9782834191427856	2402364.9	128180220.0
0.979317486641907	2436979.6	128033550.0
0.9803516316573918	2394557.6	127768710.0
0.9813857509128655	2447792.0	127738300.0
0.982419917985852	2440181.7	127243240.0
0.9834540095906719	2462729.2	127126960.0
0.9844882028963301	2484496.4	126708380.0
0.9855222405390474	2448420.2	126426520.0
0.98655646590686	2490694.5	125931730.0
0.987590636209695	2487220.5	125798190.0
0.9886247054419058	2507123.6	125316420.0
0.9896587786917331	2513172.4	125083240.0
0.990692999017831	2523954.6	124908070.0
0.9917270430414684	2520041.3	124652660.0
0.9927611877418461	2551738.2	124622530.0
0.9937952449212077	2565578.4	124369550.0
0.994829448073965	2567640.0	124034580.0
0.9958635523618483	2572158.3	123486650.0
0.9968976402641588	2602525.1	122474830.0
0.9979318383752014	2637520.0	122283220.0
0.998965930452682	2636711.6	126202040.0
