q_m	density,	T,
0.0	47112.268	35403275.0
0.0010341769815572777	49072.388	35588110.0
0.0020682585866159675	52219.639	35852129.0
0.003102414348402527	55324.867999999995	35679762.0
0.0041365824821407715	57535.084	35883687.0
0.005170631470236109	60695.377	35949011.0
0.006204867012365001	63118.648	36169202.0
0.007238936770342819	66839.37299999999	36013154.0
0.008273118850644523	68338.115	36339230.0
0.00930714616907935	72805.212	36559344.0
0.010341369939108946	74620.19099999999	36197956.0
0.01137552660067398	77261.228	36514812.0
0.012409517703032336	79674.417	36443229.0
0.01344367189020701	83452.19099999999	36783213.0
0.014477776814519894	86913.163	37108374.0
0.015511910456756706	88086.94099999999	37037800.0
0.016546095611301048	93029.615	37123509.0
0.017580178341082497	95135.204	37331190.0
0.018614262795439096	97921.495	37377796.0
0.01964841413331564	99892.213	37279831.0
0.02068253270426612	101645.96	37703522.0
0.021716679768196023	106617.85	37830885.0
0.02275079106593847	109378.02	37729631.0
0.0237849223087665	113010.9	37738331.0
0.02481910843807067	114178.63	37891198.0
0.02585317849597457	117780.37	38015856.0
0.026887350603733706	120279.68	38103485.0
0.02792140229116402	122272.26	37984150.0
0.028955626661045786	127636.05	38485762.0
0.029989696194078985	128350.91	38151012.0
0.031023842358230524	131390.44	38374326.0
0.03205800726776331	135848.16	38465293.0
0.03309210041997679	135650.33	38664481.0
0.03412615780600303	141470.1	38299723.0
0.03516033546239494	144859.56	38591157.0
0.03619443768737285	144362.37	38889037.0
0.0372285670556628	146344.13	38646418.0
0.038262685851557676	152617.7	39010310.0
0.03929681154575293	152934.4	38666972.0
0.04033096295861105	158958.53	39294022.0
0.04136510417398187	160653.61	39116828.0
0.0423992495883182	163258.68	38833145.0
0.0434333494888689	165326.89	39583121.0
0.04446745681259057	170296.64	39420183.0
0.04550165456403121	167742.44	39379160.0
0.046535774634612004	171628.55	39536781.0
0.0475698457422572	177342.19	39719150.0
0.04860395659011052	180080.36	39826303.0
0.04963811047735911	184781.96	39940747.0
0.05067218533408058	183016.59	40190642.0
0.05170633622206822	186903.5	40108578.0
0.05274050533056618	190024.45	40247393.0
0.05377458708558802	196350.01	40587134.0
0.05480868668621253	193784.84	40725451.0
0.055842887961784715	196717.89	40571354.0
0.056877024078412	200417.25	40973201.0
0.05791113507622836	204449.19	41385852.0
0.058945333952391765	207747.14	41318424.0
0.059979393662845215	207177.5	41726384.0
0.06101345974672823	213057.65	41383754.0
0.06204763170452432	212398.74	41975240.0
0.06308176354720452	219370.24	42084599.0
0.06411583487979422	222763.44	42172383.0
0.06514999484054629	222114.65	42516264.0
0.06618418996763353	223450.88	42656542.0
0.0672182121873246	226160.22	42706026.0
0.0682523866944924	231309.14	42824680.0
0.06928654035679638	232994.45	43383431.0
0.07032061288909064	235472.07	43542760.0
0.07135477269987966	234265.34	43549905.0
0.07238890829163613	243701.04	44011182.0
0.07342298952178716	243615.48	44156901.0
0.07445716612843767	246687.56	43992633.0
0.07549124210988212	248483.1	44665320.0
0.07652536270533372	251911.95	44696971.0
0.0775594862250647	258336.83	44859599.0
0.07859365360898762	251069.02	45179971.0
0.07962777945314592	256261.49	45420737.0
0.0806619763048082	265674.55	45765678.0
0.08169600842206048	261651.03	45806728.0
0.08273012091950738	264736.55	46164096.0
0.08376427098269812	270885.47	46273490.0
0.08479836405993013	273922.27	46530694.0
0.08583260987452812	279536.6	46864399.0
0.08686660262647994	274637.3	46617616.0
0.08790085728889774	276000.32	47102191.0
0.08893499737954569	283888.09	47576992.0
0.08996896703718793	289481.99	47762240.0
0.09100314941741583	285669.85	47878391.0
0.09203726723855099	286783.03	48124483.0
0.09307145149331697	289959.93	48517273.0
0.09410552807461359	290115.23	48581263.0
0.09513969425883217	303026.48	48938467.0
0.09617375449415633	302175.45	48968583.0
0.09720786166791495	309295.27	49342774.0
0.09824203887441774	308002.61	49301802.0
0.09927620010985572	304243.07	49928051.0
0.10031027144244542	307896.45	49927199.0
0.10134443462740306	311044.76	50346927.0
0.10237853272839725	315183.94	50448016.0
0.10341262715529675	315094.52	50692472.0
0.10444675832314332	323395.11	50893304.0
0.10548092308271295	324299.67	51113417.0
0.1065150367048826	328266.78	51261651.0
0.10754913600558114	329807.64	51756506.0
0.10858331643628938	329457.55	51833549.0
0.10961745337771334	333194.94	51873762.0
0.11065157449803564	336646.29	52291247.0
0.1116856766480322	338057.07	52309732.0
0.11271980001780013	340815.05	52887927.0
0.11375390794137397	339082.87	52657137.0
0.11478810899200165	346818.48	53184303.0
0.11582215258142725	354974.26	53540704.0
0.11685626147976103	344492.37	53631590.0
0.11789048322528939	362306.63	53736092.0
0.11892459302340141	354416.38	53800568.0
0.11995875680821122	358829.05	54332118.0
0.12099286473178517	364122.56	54260670.0
0.1220269273665181	360021.85	54562958.0
0.12306111484548965	365755.89	54788905.0
0.12409517695535188	364299.9	55261073.0
0.12512933976540197	374633.23	55399654.0
0.126163517871683	374494.2	55537199.0
0.12719763546787355	379392.64	55489428.0
0.1282316627113268	381413.44	55804477.0
0.12926581239960988	385943.98	56024324.0
0.13029990375226685	385260.61	56247953.0
0.13133402719701637	381825.16	56696675.0
0.1323682577153832	386582.55	56635100.0
0.13340227101227287	391554.59	56819859.0
0.13443651052842265	391459.14	57102764.0
0.1354706344230613	399375.05	57518928.0
0.1365047159531384	400603.56	57647865.0
0.13753879118476753	406901.88	57997143.0
0.1385729644922309	404876.31	57916646.0
0.13960712602759495	406089.0	57994781.0
0.14064125232164237	407574.82	58134681.0
0.14167529441143756	409368.72	58526099.0
0.14270949096317365	411767.75	58846141.0
0.14374357961649553	424632.78	59187543.0
0.14477773387865178	423484.31	59054226.0
0.1458118659462766	423803.89	59400040.0
0.14684596929597749	422746.5	59353750.0
0.14788010698721665	425800.08	59782704.0
0.14891417607036084	425858.59	59894335.0
0.1499484004402426	430287.08	60335505.0
0.15098252171052784	441797.44	60388256.0
0.15201662236089386	444315.78	60733339.0
0.15305073193406116	439860.65	61059015.0
0.15408490914056394	435316.05	60578701.0
0.15511900701661363	443141.26	61082134.0
0.15615315445545108	451169.67	61438253.0
0.15718720171897138	453784.44	61615876.0
0.15822134698334456	453586.75	61596641.0
0.15925546705392546	461095.38	61809261.0
0.16028963646234962	458871.89	62279326.0
0.16132378832509697	457344.23	62176810.0
0.16235792339198285	460468.52	62505530.0
0.1633919330897592	466295.52	62711504.0
0.16442614261329913	476006.13	63068471.0
0.16546026785760526	464401.93	63047977.0
0.16649431632083	469752.28	63138441.0
0.16752843909074577	477753.96	63413854.0
0.16856258900397336	476921.9	63876964.0
0.16959674806494718	486649.02	63671370.0
0.17063091222466464	488734.29	63765882.0
0.17166497733378783	492145.83	64180558.0
0.17269911307550745	489258.77	64171351.0
0.17373322774741862	490362.27	64627294.0
0.17476739558123078	493041.4	64628145.0
0.17580146623898685	493586.45	65045097.0
0.1768356293489629	490825.0	65027000.0
0.17786981562823012	506153.0	65189969.0
0.17890386469130704	503238.97	65530213.0
0.1799380299007658	511004.72	65634082.0
0.18097209935881753	508767.78	65768319.0
0.18200623345094358	514875.55	66234042.0
0.18304043847559193	527293.62	65926388.0
0.18407445042281412	510506.79	66355224.0
0.18510869158855747	512690.61	66384058.0
0.18614276876970626	526942.64	66635578.0
0.18717692573119726	528130.55	66728688.0
0.18821097224490235	527028.48	67196411.0
0.18924514817671922	527618.85	67338519.0
0.19027934067945296	535097.43	67237285.0
0.19131334970239577	534904.77	67725676.0
0.19234759221780662	540222.84	67784955.0
0.19338163880649317	544075.5	67627848.0
0.19441580978952933	537332.5	68214254.0
0.19544983665807492	545222.27	68065247.0
0.19648405750382514	549540.15	68429797.0
0.19751820456775493	555301.65	68713213.0
0.19855226412824534	553104.91	68793779.0
0.1995863442336735	557307.73	68890058.0
0.20062048207487582	558650.67	69137868.0
0.20165459547210096	561563.74	69330186.0
0.2026887479347006	568807.03	69511342.0
0.2037229096200277	566209.58	69398446.0
0.20475714028835768	571061.92	69733794.0
0.20579120142346008	571616.94	69809865.0
0.20682523384063856	565493.14	70214063.0
0.20785937310648972	580209.72	70202375.0
0.20889357550678478	591599.79	70519765.0
0.20992768208069124	575997.71	70919667.0
0.21096176810965994	580770.52	70811335.0
0.2119958563880744	591909.34	70874981.0
0.2130300329947249	596270.52	71187819.0
0.21406415216552743	592919.28	71406060.0
0.21509834474324274	594497.95	71298796.0
0.2161324453186273	599100.48	71441241.0
0.21716651417682664	595497.4	72114753.0
0.2182006416705785	597964.27	71970557.0
0.2192347680396075	617283.44	72181961.0
0.22026888091196206	615233.38	72252642.0
0.22130307064037946	614915.8	72651144.0
0.22233721987877353	606726.7	72412929.0
0.22337133560042588	615615.11	72736926.0
0.22440542927751006	623594.37	72900080.0
0.2254396123325717	621738.4	73265844.0
0.22647371425762364	620352.23	73285877.0
0.22750779901190643	625776.59	73571665.0
0.22854187679290727	631177.33	73753351.0
0.22957612658152593	636062.75	73768605.0
0.23061020728680637	629067.89	73999609.0
0.2316442544753452	640432.63	74235361.0
0.23267850223946274	645823.37	74088612.0
0.23371258976806197	656807.73	74162136.0
0.23474676285058083	652076.82	74705880.0
0.2357808149129187	636721.43	74917121.0
0.23681495312902867	644511.0	75058503.0
0.23784902401172925	659516.75	74832872.0
0.23888314745647887	663329.62	75316416.0
0.2399173491819402	654751.81	75652342.0
0.24095139232147667	662685.47	75490071.0
0.2419855866987486	651749.23	75702458.0
0.2430197677293091	669553.41	76056965.0
0.24405379204848288	677574.25	76085667.0
0.24508796018222112	672986.5	76420626.0
0.24612204643613433	677719.88	76384875.0
0.24715623931377573	679892.03	76613623.0
0.24819040564795736	681309.94	76682730.0
0.24922442666794398	681625.21	77220510.0
0.2502585961513497	688694.07	76885167.0
0.25129271682178267	688645.6	77341171.0
0.2523268551878556	697482.35	77212902.0
0.25336103396897036	689424.59	77568839.0
0.25439514339217484	696733.39	77821027.0
0.25542919005584297	703423.06	77940582.0
0.25646334731726017	698997.8	78313851.0
0.2574974526164806	705479.73	78350419.0
0.25853155499142166	708472.67	78392529.0
0.2595657826604906	711539.31	78592822.0
0.2605999265002148	717655.74	78807341.0
0.26163399145937494	710924.44	78869473.0
0.26266806286694633	727807.54	78738110.0
0.26370221982843733	718103.12	79021322.0
0.26473636396808764	719716.1	79504329.0
0.26577044677285067	729963.64	79543754.0
0.2668045766660113	727089.34	79765993.0
0.2678387695436527	751260.11	80109375.0
0.2688728239304179	728099.71	80253045.0
0.26990694572557383	727628.12	80105960.0
0.27094110951038375	726486.4	80416557.0
0.2719752904659627	751928.76	80092438.0
0.2730094268075345	750865.39	80597256.0
0.2740435040636646	758906.4	80995310.0
0.27507760808819925	750463.49	81046435.0
0.27611170281502484	755577.44	81187363.0
0.2771458054149104	765551.05	81428801.0
0.2781799448307247	747180.57	81445229.0
0.27921418352207783	762191.17	81592587.0
0.2802482617529678	765919.06	81804868.0
0.28128232408777454	765525.14	81862874.0
0.28231654313396815	791187.11	82075190.0
0.2833506232393963	754143.92	82420625.0
0.2843848038950493	775980.64	82418810.0
0.28541895020916375	790134.42	82607391.0
0.28645299454840467	768736.87	82847977.0
0.2874871619323277	787401.14	82828890.0
0.28852123341488045	786646.74	82992486.0
0.2895553193688676	803521.79	83282268.0
0.29058944791236074	792292.63	83671451.0
0.29162363974026084	791742.35	83265925.0
0.2926577835050035	798503.89	83733153.0
0.2936918593364848	809190.22	83849800.0
0.2947260765831218	799401.16	84004189.0
0.29576016898551993	802063.59	84303210.0
0.2967942983538099	811248.24	84130830.0
0.2978283915810048	819251.77	84319472.0
0.29886256548832046	811043.48	84692481.0
0.2998966055536145	801026.99	84961580.0
0.3009308222753807	830162.57	84949969.0
0.3019648742627372	838183.87	85022540.0
0.30299900947958613	816745.92	84968459.0
0.3040332503454033	832879.77	85473876.0
0.30506731005585686	832376.64	85645830.0
0.30610145846945414	837854.88	85728068.0
0.30713548998685425	839499.84	85753705.0
0.3081696913374079	832330.98	86263782.0
0.3092037231547342	840189.1	86065323.0
0.31023789886160646	844255.03	86342606.0
0.3112720756932017	849368.72	86168656.0
0.3123061806175145	857986.79	86463994.0
0.31334034740158534	852280.86	86733867.0
0.31437444490272726	872079.16	86776573.0
0.315408479944259	864813.53	87016624.0
0.3164426686979166	857007.03	87077978.0
0.3174768264092229	859378.52	87228572.0
0.31851095480275304	862547.73	87551065.0
0.3195450260603613	880145.02	87808708.0
0.32057921241461007	874782.19	87878579.0
0.32161326657643063	887865.32	88267375.0
0.32264740839165373	867478.25	87690349.0
0.3236816059931312	881319.95	88344482.0
0.32471561914005775	894350.39	88242175.0
0.3257497739270846	882436.95	88475011.0
0.3267838876992174	902230.33	88685428.0
0.3278180245656599	886697.03	88869030.0
0.32885220552123884	883449.5	89014198.0
0.3298862578835029	902067.6	89235477.0
0.33092039459998235	911544.98	89382691.0
0.3319545419638381	915959.09	89522686.0
0.3329886547612111	913508.13	89505951.0
0.3340227669587319	912362.67	89699933.0
0.33505692609468707	901579.09	89983693.0
0.3360911013516702	928299.45	90058208.0
0.3371251965283848	921911.34	90245634.0
0.3381593398432383	924892.67	90339230.0
0.33919344776681226	907784.84	90312345.0
0.3402275247979979	928793.21	90753933.0
0.34126169420642205	935690.26	90888335.0
0.34229592637438244	928851.45	90840949.0
0.34332988770907547	946394.37	91501965.0
0.3443640745132135	937783.73	91173012.0
0.34539820065729787	947667.23	91367256.0
0.34643231210500336	944432.86	91677748.0
0.3474664815134276	958622.86	91559405.0
0.3485006189797223	947947.56	91854501.0
0.34953474302432397	955720.71	91989127.0
0.35056879763603366	959472.04	92003098.0
0.3516029298536215	959439.44	92317558.0
0.3526370989621196	958977.22	92401374.0
0.3536711771180281	989634.85	92670817.0
0.3547053335546485	970155.04	92738621.0
0.3557394547499523	963613.75	93043314.0
0.3567735286319139	964176.8	93325408.0
0.3578077032140633	960568.62	93132742.0
0.3588418057389674	996392.59	93302724.0
0.359875962925403	980741.67	92999723.0
0.36091010286608805	995960.41	93555011.0
0.3619442623769509	992324.98	94159494.0
0.3629783001927991	998535.37	93788125.0
0.3640125069420226	1003259.6	94174885.0
0.36504659567032616	1011447.4	94168318.0
0.36608072338902253	995079.5	94198482.0
0.36711490291995263	1001417.6	94611456.0
0.36814895273284476	995604.41	94575267.0
0.36918310924444664	1001992.8	94775588.0
0.3702173328645132	1011184.3	95072537.0
0.3712513672312113	1030598.2	95142735.0
0.37228553334044845	1028631.8	95149938.0
0.3733195987494977	1028328.6	95207918.0
0.37435372999232575	1015670.4	95662391.0
0.37538781947044453	1038038.6	95653271.0
0.37642194156552666	1021935.5	95801035.0
0.37745609597764584	1024988.6	95850465.0
0.3784902191224693	1035908.2	96152033.0
0.3795243653616023	1041624.3	96196522.0
0.3805584495160328	1062333.1	96422988.0
0.38159263437065094	1044058.5	96670332.0
0.3826267754360587	1051670.7	96634003.0
0.38366089258236025	1046312.0	96746449.0
0.38469496234033795	1055119.0	96977453.0
0.3857291179521616	1055948.4	97130315.0
0.38676320713035417	1071158.6	97328810.0
0.38779734872063265	1069426.3	97436137.0
0.38883149893378655	1048781.7	97638604.0
0.38986565769483417	1077340.4	97811410.0
0.3908997339762046	1075282.5	97782352.0
0.3919339231797513	1082925.8	97938695.0
0.392967965194565	1070182.7	97981122.0
0.39400213122882055	1084018.1	98352682.0
0.39503629081466496	1100985.9	98310730.0
0.39607037211979745	1098821.4	98503688.0
0.39710447464470167	1089060.6	98635437.0
0.3981386642231559	1100608.0	98835888.0
0.39917283078228216	1085466.7	99049492.0
0.4002068405550402	1072666.4	99223967.0
0.40124096332495596	1113221.9	99206935.0
0.4022751118135347	1120108.2	99426932.0
0.40330926210166995	1112481.9	99384507.0
0.4043434453816762	1115162.2	99545402.0
0.4053774733749448	1124135.9	99714288.0
0.40641161549009386	1115739.9	99919389.0
0.40744579502102396	1117343.7	99933393.0
0.40847997560169524	1128675.7	100375940.0
0.4095140156669893	1122119.7	100345280.0
0.4105481367873116	1158840.4	100406760.0
0.41158221119414384	1120524.2	100570100.0
0.41261633838796963	1132253.5	100491140.0
0.413650479978248	1146296.6	101039620.0
0.4146846248677136	1120530.0	101025980.0
0.41571881924498555	1169269.7	101216420.0
0.4167529574610954	1153611.7	101370400.0
0.4177870901285725	1132338.9	101338010.0
0.41882110799933514	1179784.7	101355210.0
0.4198552852058379	1147116.0	101674510.0
0.42088943579389937	1159440.2	101911270.0
0.42192352557194424	1191625.9	101973790.0
0.4229576764599319	1182267.5	102008230.0
0.423991769987053	1157723.8	102339180.0
0.4250259793606298	1160343.3	102534010.0
0.42605998755877583	1168573.6	102671750.0
0.4270941171520104	1212967.3	102431040.0
0.428128324351123	1175747.9	102759140.0
0.4291624405226647	1189447.5	103076090.0
0.43019659710924807	1177942.3	103181410.0
0.4312307003839675	1208542.3	103091580.0
0.43226477239139105	1186423.7	103198240.0
0.43329889133724897	1216820.5	103631290.0
0.43433309111319063	1198674.9	103592040.0
0.43536722925431903	1193993.8	103983420.0
0.43640130711030145	1214960.7	103964110.0
0.43743539861292136	1220382.9	104149120.0
0.4384695722203109	1205128.3	104161160.0
0.43950371208601435	1223955.9	104235360.0
0.4405377906168305	1225073.4	104327150.0
0.4415719798203772	1235147.6	104753350.0
0.44260606075060216	1215648.7	104814070.0
0.44364021778707474	1234415.9	104819240.0
0.44467432166164633	1261659.2	105211510.0
0.44570846130240516	1244630.7	105074220.0
0.44674257957342944	1225825.2	105187090.0
0.4477767176395764	1223517.9	105391980.0
0.44881082466337185	1244045.3	105535720.0
0.44984498612375445	1259584.5	105779480.0
0.45087900744366727	1246148.8	105867090.0
0.451913229789048	1260520.1	106121640.0
0.4529473105693099	1271876.8	105962750.0
0.4539814207423296	1280456.0	106315970.0
0.45501553308981346	1250051.9	106531520.0
0.45604964716187235	1283366.1	106479000.0
0.45708378575288977	1282182.4	106636990.0
0.4581180238443907	1272984.7	106860760.0
0.45915212914361114	1275601.8	106962710.0
0.46018614836404126	1298851.3	106909620.0
0.4612203686099392	1271246.9	107143630.0
0.46225441842283144	1308579.8	107473180.0
0.4632886016278561	1278603.6	107422850.0
0.46432274989149036	1303030.6	107574330.0
0.4653567755603316	1297255.6	107995050.0
0.4663909606398945	1283109.8	107863880.0
0.467425035646579	1290734.2	108073620.0
0.4684591664395179	1337761.7	108143810.0
0.46949335496823086	1335770.7	108383250.0
0.4705274451211833	1308246.7	108091760.0
0.4715615719401014	1308342.5	108692660.0
0.4725957056573198	1333157.4	108715870.0
0.4736298508467114	1347477.2	109032400.0
0.47466395614593193	1292649.1	109032360.0
0.4756980555965935	1321435.3	109202820.0
0.47673215699677474	1352115.8	109249070.0
0.4777662821660994	1342081.4	109246580.0
0.47880046439636426	1350909.3	109634900.0
0.47983457269484586	1352907.5	109541320.0
0.4808686848173851	1332936.4	109961790.0
0.48190285715008874	1357954.5	109842360.0
0.48293700286435115	1353161.9	110260670.0
0.48397108072033357	1363908.3	110109990.0
0.48500520289039706	1369835.6	110454030.0
0.48603936045174034	1362554.3	110412860.0
0.48707343808277814	1378719.5	110723820.0
0.488107632310087	1366689.3	110653620.0
0.4891416729002517	1378135.6	111012570.0
0.49017579956920665	1371724.3	110959250.0
0.4912100417846914	1357831.2	111256620.0
0.49224405590637776	1387333.9	111244670.0
0.49327829309810023	1404519.0	111560760.0
0.49431236315600413	1394053.1	111465930.0
0.49534643658807664	1422794.1	111690860.0
0.49638059152506653	1381557.6	111688210.0
0.49741474811165	1405553.5	111854600.0
0.4984488112712536	1432849.9	112251940.0
0.49948303856541487	1407249.7	112342060.0
0.5005170794555056	1410811.6	112223400.0
0.5015511988512529	1385904.5	112514780.0
0.5025853696093444	1417993.6	112716060.0
0.5036194635863547	1444271.1	112558100.0
0.504653683757271	1390571.5	113009340.0
0.5056877594387893	1432273.6	112982620.0
0.5067218300215638	1473147.1	113103960.0
0.507755961864244	1434423.3	113348130.0
0.5087901491932526	1456925.2	113411270.0
0.5098242472942467	1434289.2	113487080.0
0.5108584480449483	1450619.6	113715760.0
0.5118925503449079	1436351.4	113786090.0
0.512926648445902	1445765.6	113970090.0
0.5139607725654852	1417562.6	114028880.0
0.5149948349002921	1480617.4	114226760.0
0.5160289950110071	1489367.1	114573980.0
0.5170630931120013	1468028.5	114358220.0
0.5180972864395318	1493763.4	114467570.0
0.5191313390267405	1485497.9	114702420.0
0.5201655275554533	1466246.0	114947980.0
0.5211996466512745	1477956.6	114865810.0
0.5222337211330883	1472630.0	115039000.0
0.5232678356550362	1485151.4	115282310.0
0.5243019812193356	1479281.2	115451670.0
0.5253361218348542	1471959.8	115551540.0
0.5263702458044744	1519315.1	115741180.0
0.5274043463798589	1515235.7	115974850.0
0.5284385349085718	1511993.7	115759420.0
0.529472663602028	1515782.0	115860110.0
0.5305067511306272	1539094.3	116185090.0
0.5315408640029817	1519713.1	116264360.0
0.5325750522317686	1488517.9	116503060.0
0.533609099645252	1510653.0	116620330.0
0.5346432886238541	1530653.9	116736270.0
0.5356773595065547	1548003.6	117015790.0
0.5367115283151267	1524778.9	116865500.0
0.5377456541592851	1514738.0	117090020.0
0.5387797402632353	1562379.0	117273060.0
0.5398139276672254	1550785.8	117436100.0
0.54084807300658	1556269.0	117666610.0
0.5418822253192166	1559383.6	117792380.0
0.5429162550370601	1542707.3	117484620.0
0.5439504422161057	1567698.7	117960520.0
0.5449844938285544	1538393.1	117915180.0
0.546018737468688	1574402.0	118123760.0
0.5470527575888964	1593949.4	118314680.0
0.5480869322460273	1576137.2	118554010.0
0.5491210216491647	1590692.3	118547550.0
0.5501552134770646	1548397.3	118773900.0
0.5511893352722206	1558026.8	118773130.0
0.55222350985437	1592483.4	118951930.0
0.5532574944333356	1610292.6	119013050.0
0.5542916738143027	1579932.1	119113580.0
0.5553257570689548	1621127.7	119228970.0
0.5563599707914602	1626502.0	119596570.0
0.5573940033586016	1591207.3	119637600.0
0.5584281400000994	1617527.3	119586070.0
0.5594623328777408	1594814.3	119861860.0
0.5604964602965112	1628266.3	119754220.0
0.5615305364279186	1634399.8	120175740.0
0.5625646938392987	1589347.1	120304130.0
0.5635989338053378	1609413.7	120161540.0
0.5646329444028926	1673134.9	120374810.0
0.5656670996398085	1614619.4	120584180.0
0.5667011513272389	1645742.1	120643740.0
0.5677352912679237	1634910.0	121026410.0
0.568769421835918	1668854.4	120778830.0
0.569803601216885	1646298.1	121094360.0
0.5708377345591957	1674771.0	120725110.0
0.5718717727499516	1664356.3	121317340.0
0.5729059078168375	1629900.6	121325880.0
0.573940092146585	1622851.9	121399310.0
0.5749741649788054	1688057.4	121630070.0
0.5760083851497217	1673080.4	121722780.0
0.5770424583568496	1700487.9	121844010.0
0.578076522641176	1688990.5	121844570.0
0.5791106856011892	1661361.5	121967090.0
0.5801447985485251	1666127.8	121993010.0
0.5811789587342218	1706315.2	122209560.0
0.5822131016741676	1715881.0	122021760.0
0.5832472025494781	1726547.7	122282990.0
0.5842813286185811	1679906.1	122330630.0
0.5853155164724604	1674720.7	122469500.0
0.5863495896046067	1733004.7	122570560.0
0.5873836788577809	1701934.5	122872080.0
0.5884178704607363	1702383.7	122916970.0
0.5894519350449889	1751502.0	122892360.0
0.5904860678624291	1716716.3	122650170.0
0.5915202042040009	1718514.2	123119420.0
0.5925544004558108	1736220.5	123178500.0
0.5935885127283131	1741420.0	123107020.0
0.5946225632160391	1738165.8	123352810.0
0.5956567628420177	1743312.5	123366010.0
0.5966908076311477	1762685.0	123522060.0
0.5977250308763067	1745798.5	123541180.0
0.5987591188547949	1742964.1	123475560.0
0.5997931908622185	1772652.6	123738640.0
0.600827311607633	1759582.3	123829880.0
0.6018614426255166	1759316.0	123989530.0
0.6028955759678274	1736360.4	123877610.0
0.6039297036115422	1770924.2	124111900.0
0.6049638352292779	1818706.3	124146040.0
0.6059979823681891	1771346.3	124267640.0
0.6070320870675575	1793137.4	124324640.0
0.6080662273081685	1779848.9	124399080.0
0.6091004167366598	1823775.5	124469260.0
0.6101345067396493	1788534.7	124499300.0
0.6111685768725346	1789647.4	124733060.0
0.6122027192876098	1815134.0	124930710.0
0.6132368191881605	1808844.5	124960540.0
0.6142709948950329	1807256.8	125071160.0
0.615305077999722	1819449.9	125025990.0
0.6163392064682336	1802806.1	125066490.0
0.6173733299129831	1827917.7	125211470.0
0.6184075805263987	1829321.1	125341360.0
0.6194416750282795	1843180.3	125516700.0
0.6204756991974902	1851297.1	125773890.0
0.6215098335895424	1801571.1	125664650.0
0.6225440165696225	1840231.4	125884790.0
0.623578177880042	1884327.4	125876310.0
0.6246122531866527	1865377.9	126009230.0
0.6256464521377976	1873673.9	126099270.0
0.6266805086240455	1840892.8	126151460.0
0.6277146676850192	1849546.4	126323220.0
0.6287487321942903	1861628.9	126527990.0
0.6297828673361576	1852675.9	126420910.0
0.6308170558648706	1901927.8	126557300.0
0.6318512174752162	1886170.1	126790900.0
0.6328852745613163	1891042.4	126902920.0
0.6339194059541073	1888587.4	126791410.0
0.6349534770617526	1888015.2	126756280.0
0.6359877012066899	1893849.4	127030590.0
0.637021784461342	1877316.2	127162510.0
0.6380558534695047	1898200.1	127276940.0
0.6390900165794806	1935413.3	127316930.0
0.6401241736909348	1920274.6	127399220.0
0.6411583368009108	1934920.6	127542930.0
0.6421923551215627	1923445.7	127418030.0
0.643226584290262	1882465.2	127640280.0
0.6442606152827915	1935023.4	127554020.0
0.6452948280305371	1960109.5	127692980.0
0.6463288701203321	1932983.5	127937240.0
0.6473630665970868	1931618.2	127986540.0
0.648397148127164	1961338.1	128148020.0
0.6494313493277546	1905450.9	128045880.0
0.6504654601756079	1952985.8	128036190.0
0.6514995887940827	1974873.7	128203780.0
0.6525337009166219	1978092.6	128232590.0
0.6535677801972533	1961704.2	128300650.0
0.6546019358840584	1955771.3	128499240.0
0.655636005192147	1995353.5	128572370.0
0.6566702116414445	1992121.7	128560120.0
0.657704306218307	1958794.8	128551750.0
0.6587384403104329	1991251.1	128801040.0
0.6597725600810878	2015114.2	128880360.0
0.6608066797767609	1962555.8	129020950.0
0.6618407899497806	1992399.9	129007490.0
0.6628749743545097	2008124.9	129102300.0
0.6639090905260513	2018057.1	129070780.0
0.6649431464874285	1993808.7	129151420.0
0.6659772910769679	2020421.6	129243820.0
0.6670113818297727	2030785.7	129475830.0
0.6680455803310285	2025632.0	129440130.0
0.6690797201967318	2046319.4	129622420.0
0.6701138452160934	2014120.9	129489950.0
0.6711479301203391	2036072.7	129685420.0
0.672182095629724	2047138.9	129767220.0
0.6732161990544064	2064331.4	129818280.0
0.6742502946810103	2039097.5	130112100.0
0.6752844246491524	2058159.5	129984000.0
0.6763185871592763	2065171.1	130062130.0
0.6773526577420508	2059908.2	130122400.0
0.6783868520443412	2053932.5	130128340.0
0.6794209500703539	2056857.4	130382950.0
0.6804550368491378	2078205.5	130367610.0
0.6814892069323957	2073580.5	130319800.0
0.682523306083131	2076483.1	130513180.0
0.6835574063585894	2113766.9	130649280.0
0.6845915349770642	2107833.4	130728820.0
0.6856256916386291	2081926.7	130655960.0
0.686659828580053	2093327.8	130620610.0
0.68769390223707	2116170.3	130938210.0
0.6887280559743556	2128894.1	130930610.0
0.6897622082120105	2113583.7	130946810.0
0.6907964010146704	2094681.6	130943040.0
0.6918305218350667	2120788.1	131237980.0
0.6928645651995475	2136119.2	131169200.0
0.6938987318336554	2140370.2	131228210.0
0.6949327892946631	2129746.8	131290030.0
0.6959669365085559	2145803.0	131282540.0
0.6970011118405206	2145189.5	131592640.0
0.6980352521561131	2136521.3	131595970.0
0.6990693221390355	2167548.8	131594500.0
0.7001035139669356	2182157.4	131608330.0
0.7011375367864787	2134731.9	131892230.0
0.7021717615312681	2189328.7	131845680.0
0.7032058954734313	2182507.4	131795020.0
0.7042399890005524	2168844.0	131995020.0
0.7052741596086809	2138654.9	132077340.0
0.7063082137705015	2191638.4	132052220.0
0.7073423672078609	2174495.3	132305490.0
0.7083765321173936	2234993.6	132197060.0
0.7094105546370107	2214279.6	132279730.0
0.7104447589118439	2199920.0	132386990.0
0.7114789188725961	2199821.8	132376800.0
0.7125129571383334	2229936.3	132690730.0
0.7135470512653067	2190477.4	132655270.0
0.7145812038028878	2198110.2	132797210.0
0.7156153401444596	2242205.9	132644340.0
0.7166494705624908	2265441.0	132759020.0
0.7176835629648891	2217790.7	132852890.0
0.7187176807110427	2263935.6	132721340.0
0.7197519266006221	2219871.8	132955830.0
0.7207859500200176	2280992.3	133118690.0
0.721820154894703	2226408.9	133039750.0
0.7228543021085958	2263202.2	133220810.0
0.7238884032838324	2275628.8	133235000.0
0.7249224640440273	2241832.5	133120550.0
0.7259566057842688	2282898.9	133381140.0
0.7269907893642011	2248734.8	133304050.0
0.7280248581474191	2309190.8	133482770.0
0.7290590383531828	2289464.6	133526320.0
0.7300931351045095	2311687.6	133394230.0
0.7311272036627829	2288339.1	133553340.0
0.7321613688722417	2307806.7	133627700.0
0.7331955454788922	2294650.4	133743360.0
0.7342296274588584	2288615.3	133719570.0
0.735263791768539	2310621.3	133813120.0
0.7362978509541218	2330207.1	133799400.0
0.7373320226869733	2356697.8	133896140.0
0.7383661735749607	2318701.6	133906400.0
0.7394003444080339	2333721.0	133806050.0
0.7404343799744364	2319747.8	134067740.0
0.7414684630791255	2344760.4	134046000.0
0.7425027003458295	2355042.5	134048500.0
0.743536749333925	2358961.3	133999070.0
0.7445709092196955	2350867.0	134026110.0
0.7456049872256411	2375440.6	134149530.0
0.7466391264165106	2371629.7	134219350.0
0.7476732567595605	2369287.4	134203400.0
0.7487073691820259	2406243.1	134116310.0
0.7497415783306581	2347175.8	134090730.0
0.7507756964517194	2420956.8	134135010.0
0.7518097804561868	2333079.0	134303540.0
0.7528439434162	2424114.9	134534710.0
0.7538780690354137	2395338.2	134192690.0
0.7549121926301262	2412484.5	134308600.0
0.7559463665374418	2411647.1	134181530.0
0.756980381333962	2430872.3	134361640.0
0.758014574736474	2453764.3	134181680.0
0.7590486834098631	2397154.8	134405210.0
0.7600827653148479	2390107.8	134232130.0
0.7611169494196509	2447694.0	134470050.0
0.7621510091301044	2441744.3	134514080.0
0.7631851774138056	2482523.8	134156860.0
0.7642192529453609	2470036.6	134358290.0
0.7652534869878593	2451159.4	134397280.0
0.7662875873382993	2445313.9	134330070.0
0.7673216757666766	2449690.7	134244590.0
0.7683558008610197	2461947.9	134330280.0
0.7693899359279055	2472705.6	134335670.0
0.7704240761685166	2505280.4	134288720.0
0.7714582048619728	2534647.3	134243140.0
0.7724922846674749	2474956.0	134230550.0
0.7735265033387608	2507114.0	134200120.0
0.7745605022391977	2472605.8	134302640.0
0.7755946792207559	2478432.2	134161770.0
0.7766288273344271	2509987.4	134220320.0
0.7776629944184239	2514862.4	134057110.0
0.778697009364907	2554661.9	134236270.0
0.7797312769241471	2561968.8	134099020.0
0.7807653366346006	2545859.0	133998320.0
0.7817994612790545	2520689.0	134113250.0
0.7828336294877742	2536800.9	133959730.0
0.7838676545567633	2539731.4	134142470.0
0.7849017966719125	2547135.1	134202280.0
0.7859360017715424	2549863.3	134145270.0
0.7869700574329935	2573710.1	133905750.0
0.7880042086958887	2581317.4	133774840.0
0.7890383484866106	2558833.3	133978920.0
0.7900724280671682	2611004.3	134031750.0
0.7911065911021626	2616288.8	133959560.0
0.7921406742068519	2544058.4	133814990.0
0.7931748657348258	2593520.0	133792180.0
0.7942089723087322	2611927.0	133755540.0
0.7952430605871466	2631572.7	133938930.0
0.796277195729014	2624904.0	133724190.0
0.7973113277966388	2571330.8	133952910.0
0.7983455041033632	2640256.0	133623360.0
0.7993795591649622	2585278.7	133705130.0
0.8004137294731646	2686001.9	133421580.0
0.8014478492438194	2658686.2	133857690.0
0.8024820115289987	2628097.5	133657490.0
0.8035160866106648	2648026.7	133954220.0
0.8045502104303218	2684365.4	133530170.0
0.8055843715157968	2634857.5	133533450.0
0.8066184106813123	2691200.1	133746030.0
0.807652687313317	2642822.6	133552740.0
0.8086866720422456	2650591.4	133423280.0
0.809720896487109	2713971.0	133642380.0
0.8107550398769441	2724214.6	133594320.0
0.811789141801996	2693315.5	133602730.0
0.8128232495756068	2698310.2	133566170.0
0.8138573928154789	2705177.5	133450520.0
0.8148914866425261	2697180.0	133525920.0
0.8159256132364996	2698039.6	133339630.0
0.8169597707228613	2726458.1	133749110.0
0.8179937942172383	2759603.2	133377840.0
0.8190279793717826	2728859.9	133526170.0
0.8200621578529713	2745043.4	133561730.0
0.8210962915701897	2758172.1	133450510.0
0.8221303195634582	2710990.4	133341600.0
0.8231645049429471	2758769.9	133460610.0
0.824198591721731	2769542.4	133538460.0
0.8252327375109749	2774526.7	133551570.0
0.8262668499334402	2768955.7	133627770.0
0.8273009850003261	2837133.3	133334800.0
0.8283351649811452	2778158.8	133503230.0
0.829369226866063	2755031.8	133680030.0
0.8304033282662442	2774901.9	133618230.0
0.8314374954252226	2815690.2	133444370.0
0.8324716100221521	2856224.2	133508620.0
0.833505811822595	2787013.3	133439590.0
0.8345398860794642	2816167.1	133984200.0
0.835573942265786	2825741.8	133471860.0
0.8366081106994503	2847963.4	133580980.0
0.8376422501902462	2836266.2	133633800.0
0.8386764552148946	2846653.8	133575170.0
0.8397105245229832	2862143.9	133945480.0
0.8407446080775616	2834496.6	133936430.0
0.8417787781608195	2880451.9	133764370.0
0.8428128861593749	2847920.2	133823790.0
0.8438470410963648	2880027.9	133772450.0
0.8448811862857564	2865352.9	133809690.0
0.8459152215522328	2906880.0	134117330.0
0.8469494341500152	2923360.6	133936770.0
0.8479834720408449	2883552.8	133940190.0
0.8490176683676365	2903921.4	133795590.0
0.8500517795154159	2890845.5	134200920.0
0.8510858796409112	2947976.8	134182350.0
0.8521200005362888	2878915.1	134130960.0
0.85315413980214	2958318.5	134016660.0
0.8541882240315521	2959992.7	134350130.0
0.8552223854919346	2925196.4	134209010.0
0.8562565593242688	2929832.3	134180480.0
0.8572906920667274	2968356.9	134226490.0
0.8583247241839798	2960305.6	134228950.0
0.8593588953919604	2962625.3	134446770.0
0.8603930238604721	2968706.6	134492820.0
0.8614272023416607	3001939.2	134662970.0
0.8624613089155672	2997500.3	134286460.0
0.8634954227626815	2982400.1	134537170.0
0.864529574925355	2984917.1	134334700.0
0.8655636463329264	2992230.3	134734200.0
0.8665977622045418	3021921.5	134534100.0
0.867631960630816	3058629.0	134744920.0
0.8686660544578633	2996373.7	134679970.0
0.8697001229411552	3051452.3	134738920.0
0.8707342850013899	3011505.8	134886610.0
0.8717683636821691	3043897.1	134652490.0
0.8728025617335358	3110662.4	134861020.0
0.8738366173949869	3009995.9	134914080.0
0.8748707594351545	3083796.5	134751090.0
0.8759049487136827	3055432.4	134994450.0
0.8769390408911364	3063950.1	135227460.0
0.8779731490396548	3078145.9	134895160.0
0.8790073374184048	3096895.9	135126030.0
0.8800413758341051	3132660.6	135109860.0
0.8810755710361738	3072456.2	135259060.0
0.8821096843584175	3117698.1	135156130.0
0.8831437482678364	3132533.8	135386400.0
0.884177935896771	3115474.3	135344840.0
0.8852121069547887	3092331.4	135336590.0
0.8862462641412243	3163828.9	135209730.0
0.887280300157516	3181660.4	135667790.0
0.8883143852117248	3163813.3	135377780.0
0.8893485510210358	3126817.8	135608790.0
0.8903826985348547	3172437.3	135547450.0
0.8914167876380659	3176707.8	135494440.0
0.8924509711430167	3144732.3	135641010.0
0.8934851098090157	3170247.3	135517380.0
0.8945191632210211	3286359.7	135693860.0
0.8955533341290758	3165603.3	135726780.0
0.8965874043369427	3203288.1	135609490.0
0.897621548476593	3223747.1	135736210.0
0.8986556824187559	3217123.7	135898910.0
0.8996897713720041	3228360.1	135826520.0
0.9007239450543751	3181627.7	135791360.0
0.9017580277091752	3285742.6	135861510.0
0.9027921953930242	3269395.4	136011610.0
0.9038263402824899	3288356.1	135940680.0
0.9048604188882875	3185951.0	136054200.0
0.9058945771244645	3285282.7	136016990.0
0.9069287732263115	3333251.5	136067880.0
0.9079628361609705	3273599.7	136287440.0
0.9089970098433416	3346117.3	136202270.0
0.9100310867245642	3235624.9	136230570.0
0.9110652495346142	3350340.5	136234040.0
0.9120993410372342	3308683.1	136282790.0
0.9131334407878219	3349931.2	136190280.0
0.9141675349897767	3303082.9	136591470.0
0.9152017405392958	3360678.0	136435690.0
0.9162358408897356	3330778.3	136170740.0
0.9172700366916565	3361935.8	136191690.0
0.9183041162722141	3355336.9	136632880.0
0.9193381702840716	3367016.1	136278280.0
0.9203723948039165	3412360.8	136629580.0
0.9214065037772317	3395757.2	136246510.0
0.9224405513406781	3395469.0	136636500.0
0.9234747085271138	3368486.6	136443630.0
0.9245088179503181	3421961.0	136681210.0
0.9255429657640631	3429111.8	136492020.0
0.9265771232504249	3455317.5	136684920.0
0.9276112751131722	3428789.5	136698270.0
0.9286453981830142	3447569.8	136903080.0
0.9296794701154562	3409175.2	136595350.0
0.9307135926604273	3515754.2	136819780.0
0.9317476861125669	3490335.7	136956100.0
0.9327818049834434	3427257.5	136838390.0
0.9338159916376183	3497147.8	136738030.0
0.9348501220556495	3535704.3	137068840.0
0.935884318082515	3487578.6	137132410.0
0.9369183165330628	3484518.3	137069310.0
0.9379524419273318	3558649.2	136988240.0
0.9389866561747079	3511981.2	137237740.0
0.9400206950402974	3523086.9	137026170.0
0.9410548732965415	3566346.8	137341920.0
0.942088980020411	3565778.9	137352240.0
0.9431231498787243	3555658.5	137004270.0
0.9441572855454623	3588133.7	137237480.0
0.9451913939939068	3593414.4	137199780.0
0.9462254971186632	3585415.3	137364740.0
0.9472596057920523	3594976.8	137064420.0
0.948293707117252	3636584.2	137120840.0
0.9493278813994752	3638739.3	137033370.0
0.950362002744742	3559798.4	137248040.0
0.9513960850246345	3729447.8	136881080.0
0.952430293498433	3614536.9	136980540.0
0.9534643743536765	3659585.4	136816140.0
0.9544985533597358	3642333.7	136835790.0
0.9555326055720368	3716524.4	136655130.0
0.9565667950755096	3668038.6	136495290.0
0.9576008708320093	3757838.1	136591780.0
0.9586349855039205	3687758.0	136185880.0
0.9596691039998893	3720091.6	136245370.0
0.9607032381669968	3702584.0	136076940.0
0.9617373903296703	3788858.7	136071580.0
0.9627715628873185	3727175.1	135993020.0
0.9638056837826962	3754500.5	135710950.0
0.9648397362949233	3784793.5	135679710.0
0.9658739577405255	3807403.0	135623900.0
0.9669080392706028	3772538.0	135235230.0
0.9679421570917379	3812031.9	135428550.0
0.9689762925335313	3822134.6	135125380.0
0.9700104299248444	3823901.8	135096680.0
0.9710444701401014	3854683.8	134940970.0
0.9720786882115352	3832841.1	134708180.0
0.9731128302517028	3908312.0	134658430.0
0.9741469034588307	3828065.7	134285020.0
0.9751810539719107	3938602.6	134374170.0
0.9762151801159951	3871194.0	133965510.0
0.977249314358084	3978287.7	133758480.0
0.9782833817916345	3885256.1	133591110.0
0.9793176009128096	3922965.2	133436920.0
0.9803517292313583	4008005.6	133279090.0
0.9813857946404076	3938693.8	133355570.0
0.9824199157607298	3987033.8	133210030.0
0.9834540779709277	3995245.9	133280390.0
0.9844881568766514	4014780.5	133371200.0
0.9855223094142325	4016430.7	133562530.0
0.9865564563281992	4045964.2	133604540.0
0.9875905955940505	4076147.4	133741870.0
0.9886246969942317	4064115.3	133778630.0
0.9896587786742719	4089812.3	133911250.0
0.990692914490973	4111358.3	133968300.0
0.9917270564561591	4122720.2	134077410.0
0.992761214692336	4137153.1	134369290.0
0.9937952840754062	4141378.2	134627350.0
0.9948293982974281	4199585.7	134773940.0
0.9958635860013444	4209102.6	135211250.0
0.9968977255671216	4239294.9	135936590.0
0.997931827567155	4252160.7	137575020.0
0.9989659557357407	4301239.9	139171350.0
