922
0.0	171628.55	39536781.0
0.0010845410662868593	177342.19	39719150.0
0.0021691238123852097	180080.36	39826303.0
0.0032537516985046144	184781.96	39940747.0
0.004338296696850152	183016.59	40190642.0
0.005422921437323591	186903.5	40108578.0
0.006507565287596773	190024.45	40247393.0
0.007592117520928254	196350.01	40587134.0
0.0086766884708539	193784.84	40725451.0
0.00976136605818112	196717.89	40571354.0
0.010845975306347677	200417.25	40973201.0
0.011930558209728326	204449.19	41385852.0
0.013015233280538663	207747.14	41318424.0
0.014099762393371629	207177.5	41726384.0
0.015184298190702439	213057.65	41383754.0
0.0162689450293394	212398.74	41975240.0
0.017353549794960177	219370.24	42084599.0
0.01843809109717154	222763.44	42172383.0
0.0195227253532243	222114.65	42516264.0
0.02060739649197718	223450.88	42656542.0
0.02169188628423424	226160.22	42706026.0
0.022776535796670383	231309.14	42824680.0
0.023861163446866285	232994.45	43383431.0
0.024945706007336255	235472.07	43542760.0
0.02603034010610661	234265.34	43549905.0
0.027114948803785066	243701.04	44011182.0
0.02819950048662856	243615.48	44156901.0
0.029284152201016878	246687.56	43992633.0
0.030368698378979708	248483.1	44665320.0
0.03145329134842778	251911.95	44696971.0
0.03253788738488084	258336.83	44859599.0
0.03362252942640742	251069.02	45179971.0
0.03470712790073616	256261.49	45420737.0
0.03579180084823552	265674.55	45765678.0
0.0368763010211246	261651.03	45806728.0
0.037960885497328345	264736.55	46164096.0
0.03904550937274898	270885.47	46273490.0
0.04013007348089448	273922.27	46530694.0
0.04121479778106585	279536.6	46864399.0
0.04229925666735024	274637.3	46617616.0
0.04338399024717754	276000.32	47102191.0
0.04446860366332506	283888.09	47576992.0
0.04555303832813484	289481.99	47762240.0
0.04663769609789181	285669.85	47878391.0
0.0477222861576172	286783.03	48124483.0
0.048806945893403064	289959.93	48517273.0
0.04989149270049509	290115.23	48581263.0
0.0509761334837634	303026.48	48938467.0
0.05206066314708446	302175.45	48968583.0
0.05314524203976634	309295.27	49342774.0
0.05422989438328396	308002.61	49301802.0
0.055314529976236204	304243.07	49928051.0
0.05639907127844768	307896.45	49927199.0
0.05748370891606991	311044.76	50346927.0
0.05856827829317246	315183.94	50448016.0
0.05965284381685876	315094.52	50692472.0
0.06073744787470914	323395.11	50893304.0
0.06182208716379567	324299.67	51113417.0
0.06290667281961648	328266.78	51261651.0
0.06399124345497753	329807.64	51756506.0
0.06507589918006462	329457.55	51833549.0
0.06616050929328376	333194.94	51873762.0
0.06724510281321994	336646.29	52291247.0
0.06832967643694476	338057.07	52309732.0
0.06941427231611541	340815.05	52887927.0
0.07049885199520889	339082.87	52657137.0
0.07158352934661272	346818.48	53184303.0
0.072668041551598	354974.26	53540704.0
0.07375262225302648	344492.37	53631590.0
0.07483732130938814	362306.63	53736092.0
0.0759219029545104	354416.38	53800568.0
0.07700654122126183	358829.05	54332118.0
0.0780911209003553	364122.56	54260670.0
0.07917565308019314	360021.85	54562958.0
0.08026031619754848	365755.89	54788905.0
0.08134484782689821	364299.9	55261073.0
0.08242948507131476	374633.23	55399654.0
0.08351413835852617	374494.2	55537199.0
0.08459872818232805	379392.64	55489428.0
0.08568322324354238	381413.44	55804477.0
0.08676784672575732	385943.98	56024324.0
0.08785240902515623	385260.61	56247953.0
0.08893700498296808	381825.16	56696675.0
0.09002171324034458	386582.55	56635100.0
0.09110619367430461	391554.59	56819859.0
0.09219091136861923	391459.14	57102764.0
0.09327550779827798	399375.05	57518928.0
0.09436005979568596	400603.56	57647865.0
0.0954446051872373	406901.88	57997143.0
0.09652925344141494	404876.31	57916646.0
0.09761388934893189	406089.0	57994781.0
0.09869848829510741	407574.82	58134681.0
0.09978299892726972	409368.72	58526099.0
0.10086767156020437	411767.75	58846141.0
0.1019522310285218	424632.78	59187543.0
0.1030368593078469	423484.31	59054226.0
0.10412146430939129	423803.89	59400040.0
0.1052060391913745	422746.5	59353750.0
0.10629065009100513	425800.08	59782704.0
0.10737518903398202	425858.59	59894335.0
0.10845989084278407	430287.08	60335505.0
0.10954448452000243	441797.44	60388256.0
0.11062905657090416	444315.78	60733339.0
0.11171363798010292	439860.65	61059015.0
0.11279829032362054	435316.05	60578701.0
0.1138828594647997	443141.26	61082134.0
0.11496748058778017	451169.67	61438253.0
0.11605199664618193	453784.44	61615876.0
0.1171366154885688	453586.75	61596641.0
0.11822120790752888	461095.38	61809261.0
0.11930585207236666	458871.89	62279326.0
0.12039047783517498	457344.23	62176810.0
0.12147508598236534	460468.52	62505530.0
0.1225595626415501	466295.52	62711504.0
0.12364424887940406	476006.13	63068471.0
0.12472884672460349	464401.93	63047977.0
0.12581336404126364	469752.28	63138441.0
0.1268979592913051	477753.96	63413854.0
0.12798258300944343	476921.9	63876964.0
0.1290672163218023	486649.02	63671370.0
0.13015185498175952	488734.29	63765882.0
0.13123638975675544	492145.83	64180558.0
0.1323209986117161	489258.77	64171351.0
0.1334055853685132	490362.27	64627294.0
0.13449022788188691	493041.4	64628145.0
0.135574768476328	493586.45	65045097.0
0.13665940603530902	490825.0	65027000.0
0.13774406789440596	506153.0	65189969.0
0.1388285858401953	503238.97	65530213.0
0.13991322560112862	511004.72	65634082.0
0.1409977649373113	508767.78	65768319.0
0.14208237206216667	514875.55	66234042.0
0.14316705358155146	527293.62	65926388.0
0.1442515325999708	510506.79	66355224.0
0.14533625202439082	512690.61	66384058.0
0.14642079946061204	526942.64	66635578.0
0.14750543057101873	528130.55	66728688.0
0.14858994584300889	527028.48	67196411.0
0.14967459684962692	527618.85	67338519.0
0.1507592652359394	535097.43	67237285.0
0.1518437411873539	534904.77	67725676.0
0.15292846202731458	540222.84	67784955.0
0.15401297737794595	544075.5	67627848.0
0.1550976231942479	537332.5	68214254.0
0.15618211786225644	545222.27	68065247.0
0.1572668159749243	549540.15	68429797.0
0.15835143670469898	555301.65	68713213.0
0.15943596566024953	553104.91	68793779.0
0.16052051616347573	557307.73	68890058.0
0.16160512722038878	558650.67	69137868.0
0.1626897126402862	561563.74	69330186.0
0.16377433903222383	568807.03	69511342.0
0.16485897509702296	566209.58	69398446.0
0.16594368351168176	571061.92	69733794.0
0.1670282141186965	571616.94	69809865.0
0.1681127146061503	565493.14	70214063.0
0.16919732715724511	580209.72	70202375.0
0.17028200592418963	591599.79	70519765.0
0.17136658418774242	575997.71	70919667.0
0.17245114090361957	580770.52	70811335.0
0.1735356999787313	591909.34	70874981.0
0.17462035169311962	596270.52	71187819.0
0.1757049431683858	592919.28	71406060.0
0.1767896116333395	594497.95	71298796.0
0.17787418360560014	599100.48	71441241.0
0.17895872231265353	595497.4	72114753.0
0.18004332251708755	597964.27	71970557.0
0.18112792154190438	617283.44	72181961.0
0.1822125064113138	615233.38	72252642.0
0.18329717188790384	614915.8	72651144.0
0.18438179489827178	606726.7	72412929.0
0.185466382756045	615615.11	72736926.0
0.18655094749331969	623594.37	72900080.0
0.18763560597084705	621738.4	73265844.0
0.18872017935864838	620352.23	73285877.0
0.18980473473762594	625776.59	73571665.0
0.19088928280297646	631177.33	73753351.0
0.19197401127112879	636062.75	73768605.0
0.19305856240348418	629067.89	73999609.0
0.19414307838324485	640432.63	74235361.0
0.1952278047280861	645823.37	74088612.0
0.19631236301678634	656807.73	74162136.0
0.1973970110350406	652076.82	74705880.0
0.198481532126476	636721.43	74917121.0
0.19956614357659486	644511.0	75058503.0
0.20065068440695932	659516.75	74832872.0
0.20173528036477117	663329.62	75316416.0
0.2028199584239454	654751.81	75652342.0
0.2039044701570838	662685.47	75490071.0
0.20498914050942518	651749.23	75702458.0
0.20607379686364147	669553.41	76056965.0
0.20715828885785081	677574.25	76085667.0
0.208242931685789	672986.5	76420626.0
0.20932748863758965	677719.88	76384875.0
0.21041215741710784	679892.03	76613623.0
0.21149679835765844	681309.94	76682730.0
0.21258128689165712	681625.21	77220510.0
0.213665931135136	688694.07	76885167.0
0.21475052418322527	688645.6	77341171.0
0.2158351357906262	697482.35	77212902.0
0.216919789785608	689424.59	77568839.0
0.21800437103752457	696733.39	77821027.0
0.21908888646679703	703423.06	77940582.0
0.2201735178917683	698997.8	78313851.0
0.2212580948184215	705479.73	78350419.0
0.22234266867806973	708472.67	78392529.0
0.22342737394708234	711539.31	78592822.0
0.22451199129528743	717655.74	78807341.0
0.22559652591300094	710924.44	78869473.0
0.22668106729385362	727807.54	78738110.0
0.2277656984042602	718103.12	79021322.0
0.22885031606702988	719716.1	79504329.0
0.22993486940133745	729963.64	79543754.0
0.23101947212228835	727089.34	79765993.0
0.23210414090180664	751260.11	80109375.0
0.23318866443111774	728099.71	80253045.0
0.2342732586588242	727628.12	80105960.0
0.23535789692557574	726486.4	80416557.0
0.23644255320115082	751928.76	80092438.0
0.23752716268524077	750865.39	80597256.0
0.2386117102001032	758906.4	80995310.0
0.2396962857898568	750463.49	81046435.0
0.24078085162810758	755577.44	81187363.0
0.2418654257236792	765551.05	81428801.0
0.24295003843205643	747180.57	81445229.0
0.24403475526131835	762191.17	81592587.0
0.24511930379851576	765919.06	81804868.0
0.2462038356637889	765525.14	81862874.0
0.24728853188906907	791187.11	82075190.0
0.24837308239229527	754143.92	82420625.0
0.24945773835330587	775980.64	82418810.0
0.25054235829666904	790134.42	82607391.0
0.2516268712880658	768736.87	82847977.0
0.2527115133295925	787401.14	82828890.0
0.2537960547890863	786646.74	82992486.0
0.25488061142632223	803521.79	83282268.0
0.25596521273173234	792292.63	83671451.0
0.25704988041027454	791742.35	83265925.0
0.2581344976798384	798503.89	83733153.0
0.25921904370051896	809190.22	83849800.0
0.26030373803841156	799401.16	84004189.0
0.26138830143878655	802063.59	84303210.0
0.26247290360924935	811248.24	84130830.0
0.26355746787467704	819251.77	84319472.0
0.2646421167579839	811043.48	84692481.0
0.2657266252668351	801026.99	84961580.0
0.2668113190542396	830162.57	84949969.0
0.26789584006703393	838183.87	85022540.0
0.2689804483715066	816745.92	84968459.0
0.270065167481362	832879.77	85473876.0
0.27114969659419497	832376.64	85645830.0
0.2722343187395103	837854.88	85728068.0
0.2733188182832702	839499.84	85753705.0
0.27440349594923863	832330.98	86263782.0
0.2754879958075631	840189.1	86065323.0
0.27657264657825775	844255.03	86342606.0
0.2776572985285696	849368.72	86168656.0
0.278741875062017	857986.79	86463994.0
0.27982651647441437	852280.86	86733867.0
0.28091108522238784	872079.16	86776573.0
0.2819955884622818	864813.53	87016624.0
0.2830802529165368	857007.03	87077978.0
0.2841648848133549	859378.52	87228572.0
0.2852494859614827	862547.73	87551065.0
0.28633402718505296	880145.02	87808708.0
0.2874186891227911	874782.19	87878579.0
0.2885032124161788	887865.32	88267375.0
0.2895878276410727	867478.25	87690349.0
0.29067250137498357	881319.95	88344482.0
0.2917569816516613	894350.39	88242175.0
0.2928416104814746	882436.95	88475011.0
0.29392619629457784	902230.33	88685428.0
0.2950108063291559	886697.03	88869030.0
0.29609546260473096	883449.5	89014198.0
0.2971799840107311	902067.6	89235477.0
0.29826459388802684	911544.98	89382691.0
0.299349214932366	915959.09	89522686.0
0.30043379972313433	913508.13	89505951.0
0.30151838388477337	912362.67	89699933.0
0.3026030172757733	901579.09	89983693.0
0.30368766757462096	928299.45	90058208.0
0.3047722338847185	921911.34	90245634.0
0.3058568506824356	924892.67	90339230.0
0.3069414303615291	907784.84	90312345.0
0.308025977640468	928793.21	90753933.0
0.3091106218053058	935690.26	90888335.0
0.3101953317927876	928851.45	90840949.0
0.31127975772842964	946394.37	91501965.0
0.3123644201380147	937783.73	91173012.0
0.313449018926908	947667.23	91367256.0
0.31453360230213556	944432.86	91677748.0
0.31561824646697334	958622.86	91559405.0
0.3167028571306806	947947.56	91854501.0
0.3177874537176216	955720.71	91989127.0
0.31887197748285623	959472.04	92003098.0
0.3199565826416828	959439.44	92317558.0
0.321041226491956	958977.22	92401374.0
0.3221257749505122	989634.85	92670817.0
0.3232104055104307	970155.04	92738621.0
0.32429499910900805	963613.75	93043314.0
0.3253795430850187	964176.8	93325408.0
0.32646419267609594	960568.62	93132742.0
0.32754876669302646	996392.59	93302724.0
0.32863339803935654	980741.67	92999723.0
0.32971801129822176	995960.41	93555011.0
0.3308026450824275	992324.98	94159494.0
0.33188715123204426	998535.37	93788125.0
0.33297183456017554	1003259.6	94174885.0
0.33405639410713417	1011447.4	94168318.0
0.3351409945474917	995079.5	94198482.0
0.336225649328885	1001417.6	94611456.0
0.3373101680610858	995604.41	94575267.0
0.3383947986996456	1001992.8	94775588.0
0.33947949972203606	1011184.3	95072537.0
0.3405640022541597	1030598.2	95142735.0
0.34164864295878683	1028631.8	95149938.0
0.34273317804834724	1028328.6	95207918.0
0.3438177821848388	1015670.4	95662391.0
0.34490234251820895	1038038.6	95653271.0
0.3459869370604801	1021935.5	95801035.0
0.3470715654970876	1024988.6	95850465.0
0.3481561611403349	1035908.2	96152033.0
0.34924078100505673	1041624.3	96196522.0
0.3503253357549051	1062333.1	96422988.0
0.35140999611982016	1044058.5	96670332.0
0.35249461055830256	1051670.7	96634003.0
0.35357919991025766	1046312.0	96746449.0
0.35466373956100494	1055119.0	96977453.0
0.35574836925587083	1055948.4	97130315.0
0.35683292927467636	1071158.6	97328810.0
0.35791754426364686	1069426.3	97436137.0
0.3590021682963498	1048781.7	97638604.0
0.36008680129414417	1077340.4	97811410.0
0.3611713477866716	1075282.5	97782352.0
0.3622560127127734	1082925.8	97938695.0
0.3633405232662946	1070182.7	97981122.0
0.3644251638922805	1084018.1	98352682.0
0.3655097977551275	1100985.9	98310730.0
0.3665943495166121	1098821.4	98503688.0
0.3676789235335426	1089060.6	98635437.0
0.3687635888528502	1100608.0	98835888.0
0.3698482300293243	1085466.7	99049492.0
0.3709327067671502	1072666.4	99223967.0
0.37201730201719163	1113221.9	99206935.0
0.3731019242411482	1120108.2	99426932.0
0.3741865483524922	1112481.9	99384507.0
0.3752712070659431	1115162.2	99545402.0
0.3763557029135689	1124135.9	99714288.0
0.3774403184530275	1115739.9	99919389.0
0.3785249732344208	1117343.7	99933393.0
0.3796096291167902	1128675.7	100375940.0
0.3806941376256415	1122119.7	100345280.0
0.3817787311455777	1158840.4	100406760.0
0.38286327567207634	1120524.2	100570100.0
0.38394787556194565	1132253.5	100491140.0
0.38503249055091626	1146296.6	101039620.0
0.38611710900009744	1120530.0	101025980.0
0.3872017793524387	1169269.7	101216420.0
0.38828639080255745	1153611.7	101370400.0
0.38937099643323103	1132338.9	101338010.0
0.39045548166430133	1179784.7	101355210.0
0.39154013400781895	1147116.0	101674510.0
0.3926247584337277	1159440.2	101911270.0
0.3937093190816624	1191625.9	101973790.0
0.39479394382213584	1182267.5	102008230.0
0.3958785084021281	1157723.8	102339180.0
0.3969631944826998	1160343.3	102534010.0
0.39804766956906157	1168573.6	102671750.0
0.39913227197544787	1212967.3	102431040.0
0.40021695577542615	1175747.9	102759140.0
0.40130154410504626	1189447.5	103076090.0
0.40238617482224714	1177942.3	103181410.0
0.40347074962558926	1208542.3	103091580.0
0.404555291635571	1186423.7	103198240.0
0.4056398828749138	1216820.5	103631290.0
0.40672455888941794	1198674.9	103592040.0
0.4078091702608956	1193993.8	103983420.0
0.4088937184048871	1214960.7	103964110.0
0.4099782808615683	1220382.9	104149120.0
0.41106292943031064	1205128.3	104161160.0
0.41214754261053466	1223955.9	104235360.0
0.41323209146229667	1225073.4	104327150.0
0.4143167563883986	1235147.6	104753350.0
0.4154013077566774	1215648.7	104814070.0
0.41648593894572516	1234415.9	104819240.0
0.4175705143781965	1261659.2	105211510.0
0.4186551273224971	1244630.7	105074220.0
0.4197397178540695	1225825.2	105187090.0
0.42082432914690593	1223517.9	105391980.0
0.4219089078823055	1244045.3	105535720.0
0.42299354371118136	1259584.5	105779480.0
0.42407803255974463	1246148.8	105867090.0
0.4251627322452355	1260520.1	106121640.0
0.4262472834562321	1271876.8	105962750.0
0.42733186549456015	1280456.0	106315970.0
0.4284164498134816	1250051.9	106531520.0
0.4295010359411495	1283366.1	106479000.0
0.43058564778447395	1282182.4	106636990.0
0.4316703639846067	1272984.7	106860760.0
0.43275494091125977	1275601.8	106962710.0
0.43383942755787086	1298851.3	106909620.0
0.43492412504140954	1271246.9	107143630.0
0.43600864377361037	1308579.8	107473180.0
0.43709330240842015	1278603.6	107422850.0
0.4381779243964532	1303030.6	107574330.0
0.43926241780620334	1297255.6	107995050.0
0.4403470784070419	1283109.8	107863880.0
0.44143162356266963	1290734.2	108073620.0
0.44251622722731443	1337761.7	108143810.0
0.44360089144564585	1335770.7	108383250.0
0.44468545248678626	1308246.7	108091760.0
0.4457700519834499	1308342.5	108692660.0
0.44685465871509955	1333157.4	108715870.0
0.4479392774788453	1347477.2	109032400.0
0.4490238544054985	1292649.1	109032360.0
0.45010842519814176	1321435.3	109202820.0
0.4511929980354551	1352115.8	109249070.0
0.45227759580201343	1342081.4	109246580.0
0.4533622534144882	1350909.3	109634900.0
0.4544468334867875	1352907.5	109541320.0
0.45553141756978544	1332936.4	109961790.0
0.4566160648016281	1357954.5	109842360.0
0.45770068411586207	1353161.9	110260670.0
0.4587852322598537	1363908.3	110109990.0
0.45986982688076594	1369835.6	110454030.0
0.4609544586203017	1362554.3	110412860.0
0.46203900652836993	1378719.5	110723820.0
0.4631236767234289	1366689.3	110653620.0
0.4642081857827681	1378135.6	111012570.0
0.46529278512214944	1371724.3	110959250.0
0.46637750564754543	1357831.2	111256620.0
0.46746198694655816	1387333.9	111244670.0
0.4685467022029971	1404519.0	111560760.0
0.469631242168309	1394053.1	111465930.0
0.47071578567247263	1422794.1	111690860.0
0.47180041465956823	1381557.6	111688210.0
0.472885045376769	1405553.5	111854600.0
0.47396957810709495	1432849.9	112251940.0
0.47505428298290187	1407249.7	112342060.0
0.4761387923568057	1410811.6	112223400.0
0.47722338406799536	1385904.5	112514780.0
0.47830802964837393	1417993.6	112716060.0
0.4793925947002131	1444271.1	112558100.0
0.4804772921051106	1390571.5	113009340.0
0.4815618379685088	1432273.6	112982620.0
0.4826463784843087	1473147.1	113103960.0
0.48373098324992947	1434423.3	113348130.0
0.4848156462100025	1456925.2	113411270.0
0.48590021558710517	1434289.2	113487080.0
0.4869848926239443	1450619.6	113715760.0
0.4880694664049514	1436351.4	113786090.0
0.4891540357820541	1445765.6	113970090.0
0.4902386324476363	1417562.6	114028880.0
0.49132316431290957	1480617.4	114226760.0
0.4924077987262445	1489367.1	114573980.0
0.49349236810334707	1468028.5	114358220.0
0.49457703735471226	1493763.4	114467570.0
0.4956615589966358	1485497.9	114702420.0
0.4967462232149672	1466246.0	114947980.0
0.4978308146115923	1477956.6	114865810.0
0.498915359216732	1472630.0	115039000.0
0.49999994581624685	1485151.4	115282310.0
0.5010845649731984	1479281.2	115451670.0
0.5021691789398339	1471959.8	115551540.0
0.5032537754481339	1519315.1	115741180.0
0.5043383474203945	1515235.7	115974850.0
0.5054230116387259	1511993.7	115759420.0
0.5065076131014185	1515782.0	115860110.0
0.5075921713901186	1539094.3	116185090.0
0.508676756259528	1519713.1	116264360.0
0.509761420163295	1488517.9	116503060.0
0.510845936378979	1510653.0	116620330.0
0.5119306010691574	1530653.9	116736270.0
0.5130151418995219	1548003.6	117015790.0
0.5140997854352305	1524778.9	116865500.0
0.5151843839095592	1514738.0	117090020.0
0.5162689407040775	1562379.0	117273060.0
0.5173536037427917	1550785.8	117436100.0
0.5184382226638198	1556269.0	117666610.0
0.5195228488984751	1559383.6	117792380.0
0.5206073465548473	1542707.3	117484620.0
0.521692009357638	1567698.7	117960520.0
0.5227765299772266	1538393.1	117915180.0
0.5238612519968046	1574402.0	118123760.0
0.5249457395871093	1593949.4	118314680.0
0.5260303892568279	1576137.2	118554010.0
0.5271149495115568	1590692.3	118547550.0
0.5281996171900989	1548397.3	118773900.0
0.5292842114178055	1558026.8	118773130.0
0.5303688610088828	1592483.4	118951930.0
0.5314533113232817	1610292.6	119013050.0
0.5325379659473927	1579932.1	119113580.0
0.5336225197535472	1621127.7	119228970.0
0.5347072103953057	1626502.0	119596570.0
0.5357917110400416	1591207.3	119637600.0
0.5368763208386962	1617527.3	119586070.0
0.5379609896182145	1594814.3	119861860.0
0.5390455897440074	1628266.3	119754220.0
0.5401301360792525	1634399.8	120175740.0
0.5412147676615061	1589347.1	120304130.0
0.5422994858276676	1609413.7	120161540.0
0.5433839634305462	1673134.9	120374810.0
0.5444685927322064	1614619.4	120584180.0
0.5455531134304361	1645742.1	120643740.0
0.5466377266893012	1634910.0	121026410.0
0.5477223301180225	1668854.4	120778830.0
0.5488069847421335	1646298.1	121094360.0
0.5498915910805773	1674771.0	120725110.0
0.5509760976233997	1664356.3	121317340.0
0.55206070577059	1629900.6	121325880.0
0.553145365585017	1622851.9	121399310.0
0.5542299084600515	1688057.4	121630070.0
0.555314605864949	1673080.4	121722780.0
0.5563991491331892	1700487.9	121844010.0
0.5574836830431322	1688990.5	121844570.0
0.5585683204448311	1661361.5	121967090.0
0.5596529053928817	1666127.8	121993010.0
0.5607375398848579	1706315.2	122209560.0
0.561822156289369	1715881.0	122021760.0
0.5629067285761943	1726547.7	122282990.0
0.5639913272864465	1679906.1	122330630.0
0.5650759907970075	1674720.7	122469500.0
0.5661605339866066	1733004.7	122570560.0
0.5672450940840532	1701934.5	122872080.0
0.568329761526672	1702383.7	122916970.0
0.5694142957511797	1751502.0	122892360.0
0.5704989015391355	1716716.3	122650170.0
0.5715835110232255	1718514.2	123119420.0
0.5726681833415956	1736220.5	123178500.0
0.5737527675818759	1741420.0	123107020.0
0.5748372870218471	1738165.8	123352810.0
0.575921962879069	1743312.5	123366010.0
0.5770064763423128	1762685.0	123522060.0
0.5780911769714975	1745798.5	123541180.0
0.5791757357320446	1742964.1	123475560.0
0.5802602777420264	1772652.6	123738640.0
0.5813448708687567	1759582.3	123829880.0
0.5824294747693248	1759316.0	123989530.0
0.5835140811077688	1736360.4	123877610.0
0.584598681469485	1770924.2	124111900.0
0.5856832859991825	1818706.3	124146040.0
0.5867679068075982	1771346.3	124267640.0
0.5878524831051222	1793137.4	124324640.0
0.5889370966785519	1779848.9	124399080.0
0.5900217618405772	1823775.5	124469260.0
0.5911063227244353	1788534.7	124499300.0
0.5921908627683884	1789647.4	124733060.0
0.5932754786224116	1815134.0	124930710.0
0.5943600498869018	1808844.5	124960540.0
0.5954447006575964	1807256.8	125071160.0
0.5965292543064686	1819449.9	125025990.0
0.5976138555332375	1802806.1	125066490.0
0.5986984514910494	1827917.7	125211470.0
0.5997831808242544	1829321.1	125341360.0
0.6008677464265817	1843180.3	125516700.0
0.6019522382635087	1851297.1	125773890.0
0.6030368457029287	1801571.1	125664650.0
0.6041215041018151	1840231.4	125884790.0
0.6052061397734085	1884327.4	125876310.0
0.606290685243601	1865377.9	126009230.0
0.6073753603930525	1873673.9	126099270.0
0.608459886124316	1840892.8	126151460.0
0.6095445194366749	1849546.4	126323220.0
0.6106290535825414	1861628.9	126527990.0
0.6117136618083729	1852675.9	126420910.0
0.6127983260267045	1901927.8	126557300.0
0.6138829620128625	1886170.1	126790900.0
0.6149674883732551	1891042.4	126902920.0
0.616052092667029	1888587.4	126791410.0
0.617136633733317	1888015.2	126756280.0
0.6182213353061955	1893849.4	127030590.0
0.6193058891123501	1877316.2	127162510.0
0.6203904279766858	1898200.1	127276940.0
0.6214750655356669	1935413.3	127316930.0
0.6225596968033558	1920274.6	127399220.0
0.6236443343623368	1934920.6	127542930.0
0.6247288200652541	1923445.7	127418030.0
0.6258135269070897	1882465.2	127640280.0
0.6268980259003616	1935023.4	127554020.0
0.627982715519785	1960109.5	127692980.0
0.6290672261519473	1932983.5	127937240.0
0.6301518987062409	1931618.2	127986540.0
0.631236450703649	1961338.1	128148020.0
0.6323211282123351	1905450.9	128045880.0
0.6334057109584335	1952985.8	128036190.0
0.6344903123424848	1974873.7	128203780.0
0.6355748964254826	1978092.6	128232590.0
0.6366594460636561	1961704.2	128300650.0
0.6377440758371631	1955771.3	128499240.0
0.6388286150160636	1995353.5	128572370.0
0.6399132980296303	1992121.7	128560120.0
0.6409978637105987	1958794.8	128551750.0
0.6420824708354541	1991251.1	128801040.0
0.6431670629398496	2015114.2	128880360.0
0.6442516549656038	1962555.8	129020950.0
0.6453362370039317	1992399.9	129007490.0
0.6464208968969999	2008124.9	129102300.0
0.64750548522662	2018057.1	129070780.0
0.6485900104073954	1993808.7	129151420.0
0.649674628542012	2020421.6	129243820.0
0.6507591902122818	2030785.7	129475830.0
0.6518438648898863	2025632.0	129440130.0
0.6529284780701103	2046319.4	129622420.0
0.6540130756793865	2014120.9	129489950.0
0.6550976312156463	2036072.7	129685420.0
0.6561822712911443	2047138.9	129767220.0
0.6572668462517686	2064331.4	129818280.0
0.6583514130337131	2039097.5	130112100.0
0.6594360158333052	2058159.5	129984000.0
0.6605206527631571	2065171.1	130062130.0
0.6616051932789571	2059908.2	130122400.0
0.6626898635526571	2053932.5	130128340.0
0.6637744328511186	2056857.4	130382950.0
0.6648589903534072	2078205.5	130367610.0
0.6659436352260154	2073580.5	130319800.0
0.6670282057040942	2076483.1	130513180.0
0.6681127773617901	2113766.9	130649280.0
0.6691973787458414	2107833.4	130728820.0
0.6702820095416834	2081926.7	130655960.0
0.6713666196549025	2093327.8	130620610.0
0.6724511633949897	2116170.3	130938210.0
0.6735357911238268	2128894.1	130930610.0
0.6746204172798409	2113583.7	130946810.0
0.675705085980718	2094681.6	130943040.0
0.6767896791860895	2120788.1	131237980.0
0.6778741911551514	2136119.2	131169200.0
0.6789588324102666	2140370.2	131228210.0
0.6800433591638648	2129746.8	131290030.0
0.6811279800509218	2145803.0	131282540.0
0.6822126304284106	2145189.5	131592640.0
0.6832972440804816	2136521.3	131595970.0
0.6843817839671523	2167548.8	131594500.0
0.6854664516456945	2182157.4	131608330.0
0.6865509420670808	2134731.9	131892230.0
0.6876356442690885	2189328.7	131845680.0
0.6887202512366616	2182507.4	131795020.0
0.6898048158166539	2168844.0	131995020.0
0.6908894612397501	2138654.9	132077340.0
0.6919739845331379	2191638.4	132052220.0
0.6930586119474104	2174495.3	132305490.0
0.6941432513937791	2234993.6	132197060.0
0.6952277415006007	2214279.6	132279730.0
0.6963124222335741	2199920.0	132386990.0
0.6973970564896268	2199821.8	132376800.0
0.6984815631110903	2229936.3	132690730.0
0.6995661283202119	2190477.4	132655270.0
0.7006507547907905	2198110.2	132797210.0
0.7017353642748805	2242205.9	132644340.0
0.7028199675463195	2265441.0	132759020.0
0.7039045309466945	2217790.7	132852890.0
0.7049891209277788	2263935.6	132721340.0
0.7060738453065913	2219871.8	132955830.0
0.7071583363571068	2280992.3	133118690.0
0.7082430177192094	2226408.9	133039750.0
0.7093276386062664	2263202.2	133220810.0
0.7104122112076561	2275628.8	133235000.0
0.7114967414214651	2241832.5	133120550.0
0.7125813565677179	2282898.9	133381140.0
0.7136660155957335	2248734.8	133304050.0
0.7147505542241457	2309190.8	133482770.0
0.7158352097133094	2289464.6	133526320.0
0.7169197776748713	2311687.6	133394230.0
0.71800431606736	2288339.1	133553340.0
0.7190889558282934	2307806.7	133627700.0
0.7201736075426817	2294650.4	133743360.0
0.7212581600119367	2288615.3	133719570.0
0.7223427988291762	2310621.3	133813120.0
0.723427327391521	2330207.1	133799400.0
0.7245119739942345	2356697.8	133896140.0
0.7255965987347078	2318701.6	133906400.0
0.7266812443937276	2333721.0	133806050.0
0.7277657481841096	2319747.8	134067740.0
0.7288503018329819	2344760.4	134046000.0
0.7299350171680619	2355042.5	134048500.0
0.7310195350352101	2358961.3	133999070.0
0.7321041692126217	2350867.0	134026110.0
0.7331887175138956	2375440.6	134149530.0
0.7342733299863493	2371629.7	134219350.0
0.7353579331791471	2369287.4	134203400.0
0.7364425175767095	2406243.1	134116310.0
0.7375272034213578	2347175.8	134090730.0
0.7386117937956479	2420956.8	134135010.0
0.739696348388214	2333079.0	134303540.0
0.7407809857899128	2424114.9	134534710.0
0.7418655840283179	2395338.2	134192690.0
0.7429501801434122	2412484.5	134308600.0
0.7440348290267191	2411647.1	134181530.0
0.7451193110335022	2430872.3	134361640.0
0.7462039803635084	2453764.3	134181680.0
0.7472885608290134	2397154.8	134405210.0
0.7483731132196272	2390107.8	134232130.0
0.7494577727981308	2447694.0	134470050.0
0.7505423019109636	2441744.3	134514080.0
0.7516269448961842	2482523.8	134156860.0
0.7527114906023001	2470036.6	134358290.0
0.7537962025558107	2451159.4	134397280.0
0.7548807742921478	2445313.9	134330070.0
0.7559653335245418	2449690.7	134244590.0
0.757049931212459	2461947.9	134330280.0
0.7581345393596494	2472705.6	134335670.0
0.7592191529330792	2505280.4	134288720.0
0.7603037543957716	2534647.3	134243140.0
0.7613883045844332	2474956.0	134230550.0
0.7624730004165077	2507114.0	134200120.0
0.7635574657513666	2472605.8	134302640.0
0.7646421178589606	2478432.2	134161770.0
0.7657267396897114	2509987.4	134220320.0
0.7668113814166735	2514862.4	134057110.0
0.7678958635807389	2554661.9	134236270.0
0.7689806106868442	2561968.8	134099020.0
0.7700651397996772	2545859.0	133998320.0
0.7711497370157474	2520689.0	134113250.0
0.7722343799223268	2536800.9	133959730.0
0.7733188727029476	2539731.4	134142470.0
0.7744034882424062	2547135.1	134202280.0
0.7754881698404322	2549863.3	134145270.0
0.776572694706643	2573710.1	133905750.0
0.777657319840322	2581317.4	133774840.0
0.778741932941905	2558833.3	133978920.0
0.7798264828946431	2611004.3	134031750.0
0.780911120374983	2616288.8	133959560.0
0.7819956740238553	2544058.4	133814990.0
0.7830803413878328	2593520.0	133792180.0
0.7841649196513856	2611927.0	133755540.0
0.7852494787264972	2631572.7	133938930.0
0.7863340869523288	2624904.0	133724190.0
0.787418691953873	2571330.8	133952910.0
0.7885033433536968	2640256.0	133623360.0
0.7895878675907783	2585278.7	133705130.0
0.7906725126993099	2686001.9	133421580.0
0.7917571048037053	2658686.2	133857690.0
0.7928417414976336	2628097.5	133657490.0
0.7939262867319027	2648026.7	133954220.0
0.7950108830829203	2684365.4	133530170.0
0.7960955185185903	2634857.5	133533450.0
0.7971800260837476	2691200.1	133746030.0
0.7982647827054323	2642822.6	133552740.0
0.7993492331771135	2650591.4	133423280.0
0.8004339350645566	2713971.0	133642380.0
0.8015185519409149	2724214.6	133594320.0
0.8026031253287161	2693315.5	133602730.0
0.8036877048505273	2698310.2	133566170.0
0.8047723215696032	2705177.5	133450520.0
0.8058568864641601	2697180.0	133525920.0
0.8069414857249003	2698039.6	133339630.0
0.808026117385795	2726458.1	133749110.0
0.8091106085149516	2759603.2	133377840.0
0.8101952691944314	2728859.9	133526170.0
0.8112799228748485	2745043.4	133561730.0
0.8123645296064981	2758172.1	133450510.0
0.8134490254541239	2710990.4	133341600.0
0.8145336863695269	2758769.9	133460610.0
0.8156182438718157	2769542.4	133538460.0
0.8167028632646907	2774526.7	133551570.0
0.8177874476622533	2768955.7	133627770.0
0.8188720558094436	2837133.3	133334800.0
0.8199567110626838	2778158.8	133503230.0
0.8210412424561101	2755031.8	133680030.0
0.8221258152934233	2774901.9	133618230.0
0.8232104570990266	2815690.2	133444370.0
0.8242950437771825	2856224.2	133508620.0
0.8253797219149979	2787013.3	133439590.0
0.8264642662842142	2816167.1	133984200.0
0.827548791700913	2825741.8	133471860.0
0.8286334348434158	2847963.4	133580980.0
0.8297180476304341	2836266.2	133633800.0
0.830802729149819	2846653.8	133575170.0
0.8318872683287193	2862143.9	133945480.0
0.8329718224494385	2834496.6	133936430.0
0.8340564673220466	2880451.9	133764370.0
0.8351410470797813	2847920.2	133823790.0
0.8362256760668768	2880027.9	133772450.0
0.8373102948306226	2865352.9	133809690.0
0.83839479830644	2906880.0	134117330.0
0.8394794877685812	2923360.6	133936770.0
0.840563993996839	2883552.8	133940190.0
0.8416486663938503	2903921.4	133795590.0
0.8427332494545132	2890845.5	134200920.0
0.8438178209549269	2947976.8	134182350.0
0.8449024142389395	2878915.1	134130960.0
0.8459870267900345	2958318.5	134016660.0
0.8470715816185239	2959992.7	134350130.0
0.8481562174473997	2925196.4	134209010.0
0.8492408662520654	2929832.3	134180480.0
0.8503254719613801	2968356.9	134226490.0
0.8514099721342692	2960305.6	134228950.0
0.8524946181864946	2962625.3	134446770.0
0.8535792194132636	2968706.6	134492820.0
0.8546638730936807	3001939.2	134662970.0
0.8557484513572335	2997500.3	134286460.0
0.8568330372489779	2982400.1	134537170.0
0.8579176633263509	2984917.1	134334700.0
0.8590022047072035	2992230.3	134734200.0
0.860086792722259	3021921.5	134534100.0
0.8611714673212225	3058629.0	134744920.0
0.8622560322157794	2996373.7	134679970.0
0.8633405705296271	3051452.3	134738920.0
0.864425206987632	3011505.8	134886610.0
0.8655097559966763	3043897.1	134652490.0
0.866594430202434	3110662.4	134861020.0
0.8676789550686448	3009995.9	134914080.0
0.8687635705294623	3083796.5	134751090.0
0.8698482355342052	3055432.4	134994450.0
0.8709327986986568	3063950.1	135227460.0
0.8720173786136738	3078145.9	134895160.0
0.8731020426747229	3096895.9	135126030.0
0.8741865494534687	3132660.6	135109860.0
0.8752712206708627	3072456.2	135259060.0
0.876355806012119	3117698.1	135156130.0
0.8774403395288565	3132533.8	135386400.0
0.8785250028034941	3115474.3	135344840.0
0.8796096486984373	3092331.4	135336590.0
0.8806942800447674	3163828.9	135209730.0
0.8817787843069964	3181660.4	135667790.0
0.8828633400005386	3163813.3	135377780.0
0.8839479803906011	3126817.8	135608790.0
0.8850326015922226	3172437.3	135547450.0
0.8861171615323871	3176707.8	135494440.0
0.8872018204817613	3144732.3	135641010.0
0.888286432403727	3170247.3	135517380.0
0.8893709549107032	3286359.7	135693860.0
0.890455600648364	3165603.3	135726780.0
0.8915401407709581	3203288.1	135609490.0
0.8926247584337279	3223747.1	135736210.0
0.8937093654013009	3217123.7	135898910.0
0.894793925184183	3228360.1	135826520.0
0.8958785738315664	3181627.7	135791360.0
0.8969631270085918	3285742.6	135861510.0
0.8980477693646831	3269395.4	136011610.0
0.8991323878138643	3288356.1	135940680.0
0.9002169367442674	3185951.0	136054200.0
0.9013015691915737	3285282.7	136016990.0
0.9023862413526614	3333251.5	136067880.0
0.9034707738470639	3273599.7	136287440.0
0.9045554224944473	3346117.3	136202270.0
0.905639969616104	3235624.9	136230570.0
0.9067246068605205	3350340.5	136234040.0
0.9078091693172017	3308683.1	136282790.0
0.9088937404244096	3349931.2	136190280.0
0.9099783057121723	3303082.9	136591470.0
0.9110629877820452	3360678.0	136435690.0
0.9121475595183823	3330778.3	136170740.0
0.9132322313649055	3361935.8	136191690.0
0.9143167813176436	3355336.9	136632880.0
0.915401304453749	3367016.1	136278280.0
0.9164860064198334	3412360.8	136629580.0
0.9175705871999029	3395757.2	136246510.0
0.9186551035728693	3395469.0	136636500.0
0.9197397349191994	3368486.6	136443630.0
0.9208243161711158	3421961.0	136681210.0
0.921908937687302	3429111.8	136492020.0
0.9229935693481967	3455317.5	136684920.0
0.924078195111005	3428789.5	136698270.0
0.925162790675611	3447569.8	136903080.0
0.9262473326069517	3409175.2	136595350.0
0.9273319276210696	3515754.2	136819780.0
0.9284164921224208	3490335.7	136956100.0
0.9295010832831224	3427257.5	136838390.0
0.9305857455354252	3497147.8	136738030.0
0.9316703488068641	3535704.3	137068840.0
0.9327550208893107	3487578.6	137132410.0
0.9338394857523228	3484518.3	137069310.0
0.9349240837548045	3558649.2	136988240.0
0.936008774947051	3511981.2	137237740.0
0.9370932821976438	3523086.9	137026170.0
0.9381779356421375	3566346.8	137341920.0
0.9392625140629725	3565778.9	137352240.0
0.9403471586996572	3555658.5	137004270.0
0.9414317674759768	3588133.7	137237480.0
0.9425163477055583	3593414.4	137199780.0
0.943600922351618	3585415.3	137364740.0
0.9446855028171229	3594976.8	137064420.0
0.9457700755757951	3636584.2	137120840.0
0.9468547248523077	3638739.3	137033370.0
0.9479393186081674	3559798.4	137248040.0
0.949023871391987	3729447.8	136881080.0
0.9501085565288647	3614536.9	136980540.0
0.9511931078185024	3659585.4	136816140.0
0.9522777620494076	3642333.7	136835790.0
0.9533622832981254	3716524.4	136655130.0
0.9544469485387919	3668038.6	136495290.0
0.9555314944808313	3757838.1	136591780.0
0.9566160812376283	3687758.0	136185880.0
0.9577006720051242	3720091.6	136245370.0
0.9587852792086207	3702584.0	136076940.0
0.9598699052859936	3788858.7	136071580.0
0.9609545527537597	3727175.1	135993020.0
0.9620391460377724	3754500.5	135710950.0
0.9631236676010548	3784793.5	135679710.0
0.9642083663428519	3807403.0	135623900.0
0.96529291834026	3772538.0	135235230.0
0.9663775083999854	3812031.9	135428550.0
0.9674621169403815	3822134.6	135125380.0
0.9685467275254476	3823901.8	135096680.0
0.9696312361915811	3854683.8	134940970.0
0.9707159313945263	3832841.1	134708180.0
0.9718005468553438	3908312.0	134658430.0
0.9728850901235839	3828065.7	134285020.0
0.9739697144708516	3938602.6	134374170.0
0.9750543132597449	3871194.0	133965510.0
0.9761389205418826	3978287.7	133758480.0
0.977223457754754	3885256.1	133591110.0
0.9783081540586754	3922965.2	133436920.0
0.9793927551281622	4008005.6	133279090.0
0.9804772902177226	3938693.8	133355570.0
0.9815618837376587	3987033.8	133210030.0
0.982646520352946	3995245.9	133280390.0
0.9837310695979137	4014780.5	133371200.0
0.9848156960684924	4016430.7	133562530.0
0.9859003166409848	4045964.2	133604540.0
0.9869849291920796	4076147.4	133741870.0
0.9880695020293928	4064115.3	133778630.0
0.9891540541840832	4089812.3	133911250.0
0.990238663117685	4111358.3	133968300.0
0.9913232784998613	4122720.2	134077410.0
0.9924079109471675	4137153.1	134369290.0
0.993492450204709	4141378.2	134627350.0
0.9945770364896592	4199585.7	134773940.0
0.9956616998429381	4209102.6	135211250.0
0.9967463127085975	4239294.9	135936590.0
0.9978308861750399	4252160.7	137575020.0
0.9989154870872443	4301239.9	139171350.0
