987
0.013013162331967577	0.8002162515388983	23084043.0
0.01401412882651371	0.816837103799435	24396767.0
0.015015148240915733	0.8358273905820771	25839630.0
0.016016113362900663	0.8533052923123966	27840812.0
0.017017100979637163	0.8660127278426666	29679232.0
0.01801809530667239	0.8779049960839024	31614472.0
0.019019098326594614	0.8852275133228508	33398511.0
0.020020096542552955	0.894674670789743	35194710.0
0.021021094911018143	0.9022289623133148	37184201.0
0.02202209434703084	0.9117007653106552	39183382.0
0.023023135569903833	0.9210705406136006	41455868.0
0.02402423466910344	0.9278470030631126	43782257.0
0.025025099212860693	0.9341625341079862	45832751.0
0.02602616399803276	0.9400193430678656	48160427.0
0.027027122104705485	0.948043608178962	52082935.0
0.028028109187668234	0.9568401678491735	57584028.0
0.029029156739572935	0.9635681276515363	62551816.0
0.03003020825665429	0.9683566165949375	66336699.0
0.031031160873082424	0.9713256252026594	69108112.0
0.03203223854507819	0.9730524878181747	71035305.0
0.03303318696756973	0.9749992833792528	73588359.0
0.03403419463894898	0.9784596398093122	79078293.0
0.0350352324304193	0.9828916868563634	87271700.0
0.036036205253997255	0.9865890810673899	95122841.0
0.03703714971131226	0.9888990154276371	100622760.0
0.038038203973515795	0.9902812820007285	104468190.0
0.039039169095500724	0.991332671632702	107640080.0
0.04004022015506164	0.9922834116434832	111076040.0
0.04104117139892868	0.9932229730008879	115178380.0
0.04204225059599239	0.9940945140833519	120033250.0
0.04304324652434887	0.9949015196998839	126195100.0
0.04404416238664075	0.9957558817520419	134428610.0
0.045045188892608626	0.99667267752725	144902830.0
0.046046163927534904	0.9974583138347141	157373440.0
0.04704721056439895	0.998018681107037	169435840.0
0.04804820573022152	0.9984412162098041	179989530.0
0.04904917710498485	0.9987581259192565	189336090.0
0.0500501579351692	0.9990116867170257	197108930.0
0.05105123240452234	0.9991852242530334	204521320.0
0.052052133854922696	0.9993336193416973	210740880.0
0.05305322349870139	0.9994557629014396	215212500.0
0.05405418107160025	0.9995562872977529	216345160.0
0.05505514962498808	0.9996445796787651	213426210.0
0.05605623126216039	0.9997114359326893	208733500.0
0.057057194554063786	0.999763105848661	202746610.0
0.05805820489431191	0.9998045878183579	198136720.0
0.05905929247924902	0.9998320531381636	193478290.0
0.0600601327744266	0.9998582138721545	189105240.0
0.061061222036938395	0.9998768127806529	184691180.0
0.06206213126518487	0.9998910400031221	180669120.0
0.06306319650787726	0.9999050870609529	177560910.0
0.06406425885294062	0.9999133616917619	174405270.0
0.06506518683952228	0.9999225693773558	171974870.0
0.06606626580782571	0.9999294264672052	170420760.0
0.06706721697543944	0.9999343881876729	168710330.0
0.06806818125863714	0.9999411436717632	166353910.0
0.06906917200176273	0.9999443091664292	164944090.0
0.07007024502230147	0.9999489930818241	163386330.0
0.07107121982846758	0.9999524910176621	160940450.0
0.07207224252176565	0.9999551127838113	159318190.0
0.0730731571640033	0.9999579869846166	157782630.0
0.074074248942877	0.9999609389240314	155898170.0
0.0750752567667631	0.9999630618416946	154889880.0
0.07607630691128336	0.9999647149345924	153475670.0
0.07707728377629117	0.9999661648228088	151853080.0
0.07807827795081955	0.9999679800437861	150776500.0
0.07907933312806396	0.9999696728290516	150388920.0
0.08008025181173145	0.9999711333275512	149781400.0
0.08108126581214253	0.9999724115557295	148597200.0
0.08208225495394686	0.9999728328306451	148185590.0
0.08308318202548788	0.9999744259839524	147304030.0
0.08408420433751894	0.9999750914091214	147088070.0
0.08508516030909666	0.9999762543933178	146149350.0
0.08608621724016906	0.9999771734253197	145769850.0
0.08708727112110559	0.9999778704848177	145616010.0
0.08808819430372349	0.999978255469306	144878590.0
0.08908915904444151	0.9999793591368412	144356870.0
0.09009021475545957	0.999979684190559	144165070.0
0.09109117309089246	0.9999804455810513	144180910.0
0.09209219647047114	0.9999809604109007	143344220.0
0.09309316014364155	0.9999819250344627	142979830.0
0.09409424887237948	0.9999816498007724	142860870.0
0.09509520248010192	0.9999826232602373	142285850.0
0.09609623714518303	0.9999832993706524	142277430.0
0.09709717702729431	0.9999832693817506	141805600.0
0.09809829274973411	0.9999836843265634	141364240.0
0.0990992733511583	0.9999841612819192	141329940.0
0.1001002209348625	0.9999846007939881	141258980.0
0.10110135251800845	0.999985205353301	140650770.0
0.10210218145143027	0.9999855248371886	140534670.0
0.1031032144389367	0.9999856132770065	140367060.0
0.10410419290526576	0.9999856136514577	140129410.0
0.10510528491289975	0.9999865497620589	139123290.0
0.10610623966442301	0.9999865908490081	139395310.0
0.107107219274553	0.9999865415268011	139419920.0
0.10810817204348798	0.9999872779174099	138908350.0
0.10910919649061417	0.9999873898087852	138910900.0
0.11011028491433862	0.9999875775270948	138656580.0
0.11111122357639555	0.9999880594596063	138103720.0
0.11211226762064426	0.9999879276516268	137903260.0
0.11311324677325382	0.9999882777724611	137636160.0
0.11411423530503097	0.9999884115184581	137658860.0
0.1151152435864374	0.9999889479017863	137853010.0
0.11611624714013338	0.9999888114730329	136945750.0
0.11711725077008278	0.9999891922864192	136734620.0
0.11811821505328048	0.999988989872144	136851360.0
0.11911919885734717	0.9999896546680946	136916810.0
0.12012026997155095	0.9999897118472425	136697220.0
0.12112119727185212	0.9999898310891014	136383750.0
0.12212219342896878	0.9999899452980774	136088350.0
0.12312330922766189	0.9999900970387119	136006360.0
0.12412430919744834	0.9999904877967274	135933700.0
0.12512531953769646	0.999990327702667	135891750.0
0.1261261857590284	0.9999904071431209	135614420.0
0.12712727845294286	0.9999908919114306	135617010.0
0.12812822740920826	0.9999908276629201	135174850.0
0.12912930096352063	0.9999911155100341	135132530.0
0.13013021560575827	0.9999909771691303	135003400.0
0.13113121664309224	0.99999104825303	134994340.0
0.13213220746247126	0.9999915596341241	134446050.0
0.13313329405611418	0.9999916399728174	134788330.0
0.134134317283186	0.9999915349696815	134417900.0
0.13513525556397601	0.9999917906122856	134497320.0
0.13613623624165352	0.999991764778864	134255910.0
0.13713732039518783	0.9999918680197585	134083880.0
0.1381382036972802	0.999992065987764	134173930.0
0.1391392706938007	0.9999922743267455	133555420.0
0.1401402169811971	0.9999922840900629	133586130.0
0.14114119964146288	0.9999921876103934	133427720.0
0.1421422948517395	0.9999924071482161	133422470.0
0.14314320202114436	0.9999926017777115	133141370.0
0.14414435175259824	0.9999925437272063	132904840.0
0.14514524062118847	0.9999927993477398	133308520.0
0.14614636549403548	0.9999927996011453	132781310.0
0.14714731445030088	0.9999928304528654	132951160.0
0.14814825349362482	0.9999930044437755	132594400.0
0.14914922486838816	0.9999929853564147	132241890.0
0.15015021934793013	0.9999931490644555	132318550.0
0.15115124463384363	0.9999933010572971	132156670.0
0.15215232207707924	0.9999932275452739	132142650.0
0.1531532187235156	0.9999933425454635	132068310.0
0.154154222734732	0.9999934150309332	131884270.0
0.15515532823921688	0.9999934366337266	131333940.0
0.15615629145486706	0.999993572509841	131781860.0
0.1571572944747893	0.9999936343481866	131810310.0
0.15815821369223054	0.9999936382801246	131410240.0
0.15915930577611784	0.9999937972710026	131298700.0
0.16016021553813817	0.9999938700966106	131087020.0
0.16116130281806168	0.9999939967760632	131272070.0
0.16216225040176588	0.9999938536198996	131056460.0
0.16316332151596966	0.9999938676644651	131058930.0
0.1641643352876207	0.9999940897738845	130600050.0
0.16516529080167786	0.9999941546570639	130698260.0
0.1661662646165499	0.9999941502396078	130698080.0
0.16716729539270778	0.9999942503951189	130575770.0
0.16816825197431257	0.9999942683094919	130485470.0
0.16916929937371064	0.999994403073672	130623710.0
0.17017026990968662	0.9999943979505935	130244930.0
0.17117124616466725	0.9999943742707799	130334180.0
0.17217223423892408	0.9999945297355803	130398610.0
0.1731733032942863	0.9999945538133904	130193150.0
0.17417428702209956	0.9999946596714161	129978460.0
0.17517531772200415	0.9999946797974305	129740450.0
0.17617635307336574	0.9999945857493967	129925820.0
0.17717728220374834	0.9999947787119421	129672800.0
0.17817826318643942	0.9999947185826105	129385630.0
0.17917925164196327	0.9999948849057856	129706840.0
0.18018030819176867	0.9999947700472613	129662030.0
0.1811812343482689	0.9999949131371021	129697660.0
0.18218224407848996	0.9999949884933331	129172510.0
0.18318338481204324	0.9999950417678463	129454490.0
0.18418430288568366	0.9999950555587966	129257980.0
0.18518535760540755	0.9999950860877417	129367650.0
0.1861862984025596	0.9999950730197081	129327050.0
0.18718729211956764	0.9999951562050537	129387360.0
0.1881883482118526	0.9999951564086742	129109060.0
0.1891893208829237	0.9999953461343298	129049690.0
0.19019024986079944	0.9999952552600754	128906990.0
0.19119132173753725	0.9999952455976775	128898770.0
0.1921922925022734	0.9999953509891242	129206590.0
0.1931933556098707	0.9999954118951866	128911730.0
0.19419427528483235	0.999995369040172	128861280.0
0.19519536866502743	0.9999954554211707	129083000.0
0.19619627659696634	0.999995536506733	128985450.0
0.19719729906150427	0.9999956017100252	128839360.0
0.1981983208397617	0.9999955318432369	128971170.0
0.19919925675669642	0.9999955424799638	128416620.0
0.200200393296313	0.9999955671000192	128961800.0
0.20120131922405307	0.999995621267373	128794360.0
0.2022022554460014	0.999995660678412	128777160.0
0.20320327730051224	0.9999957497176272	128793480.0
0.2042043430769784	0.9999957730895618	128771470.0
0.20520531742562417	0.9999957569219585	128484800.0
0.206206366731357	0.9999957982279736	128717780.0
0.20720732293169478	0.9999958531299319	128587860.0
0.2082083629345135	0.9999958512147764	128791710.0
0.20920933751191947	0.9999959159794567	128836490.0
0.21021026305839252	0.999995810296845	128760510.0
0.21121136467395427	0.999995970914931	128558120.0
0.21221231500278065	0.9999959691624408	128816200.0
0.21321342866637877	0.999996044764894	128784320.0
0.21421438326539538	0.9999960099743048	128756360.0
0.21521526122975	0.999996111833966	128661890.0
0.21621631770330196	0.999996063622765	128780040.0
0.21721729037437307	0.9999960382811347	128537430.0
0.21821834509409693	0.9999961555035063	128792140.0
0.21921935032536757	0.9999961011953236	128721530.0
0.22022037789888296	0.9999962192133816	128794460.0
0.22122137596233446	0.9999962027051643	128790150.0
0.22222231790328742	0.9999962028384103	128866470.0
0.2232232786025756	0.999996224903164	128877060.0
0.22422439379124154	0.999996294682003	128708200.0
0.2252253653185117	0.9999962851129821	128656600.0
0.22622633539696738	0.9999962889494677	129131580.0
0.22722730128148622	0.9999963485170512	128871590.0
0.22822835470490252	0.9999963753213363	129024370.0
0.22922941133096125	0.9999964611902172	128812680.0
0.23023027892485426	0.9999963521722712	129196780.0
0.23123134798021647	0.9999964204155597	129040550.0
0.23223230074915144	0.9999965130052864	128858200.0
0.23323335203747264	0.9999964609633044	128925560.0
0.23423432432727673	0.999996432557639	129247680.0
0.2352353300160677	0.9999965494221352	129016500.0
0.2362363138201344	0.9999964819552973	129055760.0
0.23723728107721445	0.9999965866008214	129260550.0
0.23823839840097552	0.9999965785813854	129417920.0
0.23923941529901563	0.9999965314765842	129022860.0
0.24024031469057427	0.9999965975105354	129064630.0
0.24124133890894028	0.9999966606164722	129388380.0
0.2422424303065471	0.9999966932494022	129556670.0
0.24324334822768068	0.9999966820235752	129331240.0
0.244244291388688	0.9999967162149189	129392410.0
0.2452453294089185	0.9999966868515316	129321290.0
0.2462463707842983	0.9999966960244414	129508580.0
0.2472473792182115	0.9999967382497574	129546480.0
0.24824835150801558	0.9999967765766374	129580500.0
0.24924933005059807	0.9999967489436993	129594910.0
0.250250401393562	0.9999968525492168	129643640.0
0.25125132266984496	0.9999967460099995	129566850.0
0.25225237388191263	0.9999968418211708	129884890.0
0.25325333435244063	0.99999684234317	129576900.0
0.25425437397399236	0.9999968891370228	129740420.0
0.25525537066488274	0.9999969059502942	129997690.0
0.25625637559113984	0.9999969242999242	129694920.0
0.2572573579463921	0.9999968864812631	129925400.0
0.25825832588975267	0.9999969112051512	129782380.0
0.25925930023839844	0.9999969050008932	130017470.0
0.26026034916286445	0.9999969434427398	129885280.0
0.26126131962258714	0.9999970438050075	129869250.0
0.2622623470435956	0.9999969576082149	130337010.0
0.2632633698131472	0.9999970321175505	130040790.0
0.2642643829747708	0.9999970303045752	130251840.0
0.2652653540445206	0.9999970545089902	130056130.0
0.2662663918359908	0.9999970409614413	130175040.0
0.26726732081386667	0.9999970856841559	130252120.0
0.26826836325679404	0.9999971383581794	130190970.0
0.2692693396642814	0.9999970647613315	130135280.0
0.27027043129064837	0.9999971109503557	130316530.0
0.27127134783922086	0.9999971005235702	130132860.0
0.2722724483109817	0.9999971488691285	130278880.0
0.27327331926002396	0.9999971559249761	130367930.0
0.2742743929668432	0.9999971824391316	130555700.0
0.27527535374238454	0.999997146114202	130459410.0
0.27627632610844216	0.9999972267384356	130576650.0
0.27727741384588594	0.9999972113635992	130532450.0
0.27827836592854055	0.9999972219729372	130373800.0
0.2792794067701465	0.9999972627434495	130520380.0
0.28028032949524395	0.9999972363429591	130598600.0
0.2812814248580272	0.9999972795204921	130429760.0
0.2822824482376059	0.9999972591752759	130581820.0
0.28328338102815154	0.9999973246798528	130391340.0
0.28428433997361147	0.9999973138443744	130650060.0
0.2852853377320495	0.9999973259672608	130755460.0
0.28628641456525794	0.9999972764164858	130820490.0
0.2872873895239309	0.999997335840558	130852070.0
0.28828844912387197	0.9999973722216902	130515470.0
0.28928941233952216	0.999997369017715	130745210.0
0.29029042321354404	0.9999973894167217	130785680.0
0.2912913863529408	0.9999973624115395	130852600.0
0.29229245350196803	0.9999973815602692	130701460.0
0.2932934162600977	0.9999974394338746	130766310.0
0.29429434256910475	0.9999974480530185	130797370.0
0.29529546477308316	0.9999974700446157	130719430.0
0.29629638765068733	0.9999974171442476	130941330.0
0.2972973337093237	0.9999974467441327	130918120.0
0.29829845484575446	0.999997506490432	130721910.0
0.2992993527884987	0.9999974841367243	130798180.0
0.30030037555805017	0.999997513795886	130979600.0
0.3013014722933946	0.9999974802717252	130982050.0
0.30230242986629347	0.999997489275834	130934560.0
0.30330339475951823	0.9999975065377226	130905390.0
0.30430435599258016	0.9999975219861816	130709970.0
0.30530534902330764	0.9999975736587426	131105720.0
0.3063064304317198	0.9999975377049413	131154510.0
0.3073074254450355	0.999997645966777	131079130.0
0.30830839758233286	0.9999975777469355	131051830.0
0.30930948371845535	0.9999976014261629	131223680.0
0.310310448001653	0.9999976382268179	130988070.0
0.3113113599750218	0.9999975942130876	130984830.0
0.31231239509762326	0.9999976164667888	130906100.0
0.31331343189779925	0.9999976079469276	130925000.0
0.31431440235752195	0.9999976187897818	130937850.0
0.3153153602354344	0.9999976461133582	131277090.0
0.3163163666867594	0.9999976342681296	131239570.0
0.31731744199489986	0.9999976938071005	131042950.0
0.31831848428532045	0.999997733007623	131443170.0
0.3193193600383267	0.99999769534731	131094480.0
0.32032037602132607	0.9999977055818259	131129780.0
0.32132141465158376	0.9999977419991891	131354050.0
0.3223223726820029	0.9999977064147559	131401950.0
0.32332346712974563	0.9999976983900237	131194770.0
0.324324428667821	0.9999977272022436	131113920.0
0.32532545433500143	0.9999977110496613	131199000.0
0.32632637446748347	0.9999978161711232	131078440.0
0.3273273758860844	0.9999977591394275	131492380.0
0.32832837943978027	0.999997815749764	131128280.0
0.3293294757938578	0.9999977447169617	131311750.0
0.330330395773833	0.9999978011595781	131468680.0
0.3313313716475467	0.9999978109353369	131323560.0
0.3323324509208637	0.999997809208767	131216480.0
0.3333334405964418	0.9999977942394849	131584660.0
0.33433438047855313	0.9999978232276391	131300660.0
0.33533545700674794	0.9999978272610727	131574940.0
0.33633652156315985	0.9999978782835983	131377070.0
0.3373374041789717	0.9999978568872955	131311160.0
0.33833850182935676	0.9999979041622177	131661350.0
0.339339399390834	0.9999978569224393	131553600.0
0.3403404290994444	0.9999978744459013	131566790.0
0.34134150639017324	0.9999979137975586	131556790.0
0.34234245023746107	0.9999978559908133	131266610.0
0.34334346835555557	0.9999979064547255	131407820.0
0.3443444662665003	0.9999979110649467	131511030.0
0.3453453992095527	0.9999979278234314	131534260.0
0.3463464251054934	0.9999979399357125	131538780.0
0.34734738023828354	0.9999979589119515	131738400.0
0.3483484936731215	0.9999979158876552	131395770.0
0.3493494478146177	0.9999978792975117	131636790.0
0.3503504090476795	0.9999979941597248	131801490.0
0.3513514021546605	0.9999979740492646	131698240.0
0.352352508955453	0.9999979598715418	131760620.0
0.353353466528352	0.9999980141428291	131772640.0
0.35435446108414737	0.9999980129676541	131687080.0
0.3553555501178989	0.9999980200386689	131531870.0
0.356356472004209	0.99999800223062	131781130.0
0.35735742736575954	0.9999980112024297	131785560.0
0.35835851052799966	0.9999980068151644	131672350.0
0.3593594038955402	0.9999980274053709	131767570.0
0.3603604955219072	0.9999980098082876	131698310.0
0.3613615067771961	0.9999980554854047	131769710.0
0.3623624959190004	0.999998049621273	131766510.0
0.36336345242435164	0.9999980247406505	131745850.0
0.364364461849559	0.9999980466132214	131847270.0
0.36536539601266577	0.9999980683404028	131776870.0
0.36636653903382077	0.9999981104466785	131738970.0
0.3673674608438776	0.9999981044077305	132020090.0
0.3683684483081072	0.9999981082206891	131819780.0
0.3693695451197051	0.9999980857419434	131987410.0
0.3703704903395541	0.9999981094988943	131676670.0
0.37137141321715833	0.999998079934603	132012700.0
0.3723724369017505	0.9999981048711515	131688890.0
0.3733735248679545	0.9999981515841352	132129300.0
0.3743744568959661	0.9999981428225783	131932890.0
0.37537552778140976	0.9999981432007555	131765310.0
0.3763764881756842	0.9999981434126288	131893830.0
0.3773774141034243	0.9999981633438433	132169080.0
0.37837846645929296	0.9999981413468756	131971050.0
0.37937946032880787	0.9999981635258742	131902660.0
0.3803804542745761	0.9999981577761007	131770180.0
0.38138146720743954	0.9999981371149023	132000070.0
0.3823824308806101	0.9999982044206475	132036740.0
0.3833834390095098	0.9999982105031516	132023240.0
0.3843845008970528	0.99999823252624	132189360.0
0.3853854949190743	0.9999982092351253	131912720.0
0.3863864303022353	0.999998173062616	132248040.0
0.38738749051220367	0.999998191418644	132096230.0
0.38838849505719375	0.9999982231193836	131866510.0
0.3893895195043199	0.9999982115979342	132138460.0
0.3903905708688944	0.9999982505736739	132067710.0
0.3913915170800375	0.9999982694814272	132112560.0
0.39239254198468415	0.9999982687822982	132240430.0
0.3933934463327134	0.9999982533204348	132055070.0
0.3943944721524007	0.9999982405921373	131738710.0
0.3953955479943149	0.9999982376632864	132087830.0
0.3963965061772409	0.9999982435433047	132323360.0
0.3973975806465941	0.9999982564526281	132319780.0
0.3983984273470568	0.9999983113541889	132297780.0
0.39939947627152284	0.9999982837816476	132172390.0
0.40040049904107433	0.9999983114065858	132241510.0
0.4014014867340641	0.9999983026224504	132195980.0
0.40240242745496285	0.9999983272587867	132317880.0
0.40340345289338314	0.9999982806851923	132096330.0
0.4044045561102661	0.9999983266253218	131956510.0
0.4054055217660248	0.9999982851581961	132442580.0
0.40640655589733216	0.999998312590986	132365680.0
0.40740744880735225	0.9999983126827229	132269000.0
0.408408526860615	0.9999983566373473	132051840.0
0.4094094851960479	0.9999983385530664	132347260.0
0.4104104925624136	0.9999983563212452	132096940.0
0.4114115286000559	0.999998378018975	132392500.0
0.4124125531234355	0.9999983467119988	132502600.0
0.4134134401619442	0.9999983885098941	132441640.0
0.41441443868291605	0.9999983839617371	132345600.0
0.4154154590123588	0.999998344692144	132568740.0
0.41641650664051705	0.9999983397113693	132351400.0
0.4174174557492891	0.9999983908349879	132195630.0
0.41841853120993633	0.9999983928319539	132296520.0
0.4194194874865275	0.9999983955258518	132600900.0
0.42042051879645914	0.9999984032354581	132352760.0
0.4214215570454498	0.9999984214925735	132455310.0
0.42242250966187805	0.999998396959605	132529310.0
0.42342351230053327	0.9999984169857868	132524210.0
0.4244244842090705	0.9999984200249942	132710570.0
0.4254255205517261	0.9999984188587185	132593210.0
0.42642648254732185	0.9999984170930446	132745820.0
0.4274274794669725	0.9999984214972676	132548050.0
0.42842855774899535	0.9999984284278992	132577660.0
0.42942951105170424	0.9999984877796853	132542060.0
0.4304305724054735	0.9999984468970218	132760840.0
0.4314315514818297	0.999998464400268	132627300.0
0.43243248396736167	0.9999984412827366	132824550.0
0.4334334522157358	0.9999984444655261	132923650.0
0.43443453682679045	0.9999984811970317	132767900.0
0.4354354691598157	0.99999849606773	132911050.0
0.43643650786632665	0.9999984374951172	133100740.0
0.4374375530543762	0.9999984749913156	132593460.0
0.4384385075771393	0.9999985101940999	132740950.0
0.4394395941707821	0.9999984880378152	132825250.0
0.4404405598265409	0.9999984792645467	133017390.0
0.4414414593706064	0.9999985192930878	132818500.0
0.44244251088768766	0.9999984839466289	133055070.0
0.4434434800511025	0.9999985174947679	133147990.0
0.44444448886628285	0.9999985086054488	132829500.0
0.445445581331437	0.9999985454913604	133352780.0
0.44644649200849823	0.9999984989046872	133104720.0
0.4474474842766917	0.9999985428633578	133060100.0
0.44844851253648765	0.999998530638983	133020800.0
0.44944951548015644	0.9999985403267707	133231140.0
0.45045055952440516	0.9999985397767698	133288950.0
0.4514514705064797	0.9999985272921138	133196580.0
0.45245247017125256	0.9999985267482563	133091750.0
0.453453480206487	0.9999985701354678	133176610.0
0.4544545523882384	0.9999985634257756	133256480.0
0.45545547198694664	0.9999985866218489	133454840.0
0.4564565225889872	0.9999985520461563	133233610.0
0.45745753628438474	0.9999985323058291	133251650.0
0.458458591080362	0.9999985731960321	133695440.0
0.4594595716055328	0.9999985843098561	133517800.0
0.4604605034047842	0.9999985860546291	133345810.0
0.4614615775691238	0.999998567938859	133437450.0
0.4624626359490106	0.9999986267151644	133379510.0
0.46346350949066856	0.9999985918698328	133326460.0
0.46446459555053776	0.9999986219394947	133733260.0
0.46546557104298447	0.9999986073460612	133549590.0
0.46646656567503325	0.9999985891945733	133524450.0
0.46746760034011436	0.9999986014388642	133653850.0
0.46846854838133895	0.9999986003400139	133555100.0
0.4694694910085725	0.9999986276317888	133662290.0
0.47047052452985266	0.9999986026286897	133317390.0
0.471471596711604	0.9999986071272884	133625280.0
0.47247259530882935	0.9999986679170041	133529270.0
0.473473597261204	0.9999986481737093	133759830.0
0.4744745433198403	0.9999986525494391	133986760.0
0.47547554229833267	0.9999986129022964	133802670.0
0.4764765784122282	0.9999986440045455	133580030.0
0.47747751227032126	0.9999986611903954	133797210.0
0.4784785749966516	0.9999986536520984	133788630.0
0.4794795180051521	0.9999986467594602	133743610.0
0.4804805756987583	0.9999986329207246	133804670.0
0.4814815556901553	0.9999986786261574	133840170.0
0.4824825383504211	0.9999986953357507	133753320.0
0.48348349485577247	0.9999986778621491	134070440.0
0.48448453478233766	0.9999986600509216	133688080.0
0.48548552224656744	0.999998675306187	133756920.0
0.4864865857354317	0.9999986737391753	134052620.0
0.4874876708802601	0.9999987032357369	133986800.0
0.48848864431386513	0.999998688640607	133813020.0
0.4894895639125734	0.9999987079293619	133798760.0
0.4904905069973273	0.9999986757748149	134145010.0
0.4914915065858467	0.9999987304011723	134012290.0
0.4924925135709455	0.9999986854711544	134048130.0
0.4934936324197745	0.999998723163063	134133970.0
0.4944945954066645	0.9999986853523042	134211730.0
0.49549561100839684	0.9999987308653906	134298180.0
0.4964966314903465	0.999998722446596	133743050.0
0.49749763458652213	0.9999987108029269	133905770.0
0.49849859574333055	0.9999987139039999	134184050.0
0.49949954203072705	0.9999987327302695	134051350.0
0.5005005920227404	0.9999987519914272	134113320.0
0.5015015537133227	0.9999987529613655	134209980.0
0.5025025359160682	0.9999987266948279	134444700.0
0.5035036067252585	0.9999987384058591	134366710.0
0.5045045454635687	0.9999987528930244	134528880.0
0.5055055942355279	0.9999987209726345	134165710.0
0.5065066312644642	0.999998783178779	134294100.0
0.5075075566584304	0.9999987643480802	134305590.0
0.5085085656261175	0.9999987373273751	134395600.0
0.5095096115767009	0.9999987786574644	134621000.0
0.5105105294978347	0.9999987542123289	134410570.0
0.5115116140326359	0.9999987809223471	134656720.0
0.5125125590237246	0.9999987726362222	134403130.0
0.5135136353231593	0.9999987783889679	134333290.0
0.5145145498128901	0.9999987760625834	134451330.0
0.5155155413948032	0.9999987752181345	134651400.0
0.5165166549058944	0.9999987859432447	134522810.0
0.517517610114938	0.9999987989204883	134716590.0
0.5185185259009767	0.9999987954819226	134792120.0
0.5195195585072161	0.9999988170350486	134849250.0
0.5205205423875361	0.9999987713876315	134635210.0
0.5215216499508627	0.9999987965744762	134742830.0
0.5225226079050286	0.9999988017400558	134751700.0
0.5235236626247524	0.9999987986971381	134740530.0
0.5245246844792631	0.9999988203054601	135006920.0
0.5255255708314912	0.999998819687874	134957580.0
0.526526605801586	0.9999988304000867	134969960.0
0.527527657089907	0.9999988242891068	134907310.0
0.528528616797901	0.9999988482251142	135071190.0
0.5295295951117234	0.9999988047541836	134814940.0
0.5305306471625785	0.9999988263271332	134579230.0
0.5315316170122738	0.999998835714685	135355380.0
0.5325325771777881	0.9999988088789442	135010420.0
0.5335336235096386	0.9999988549893803	135413410.0
0.534534602814755	0.9999988532129911	135104410.0
0.5355356439613745	0.9999988346102049	135215840.0
0.5365365498344717	0.9999988682311349	135111960.0
0.5375375626148285	0.9999988411369002	135106870.0
0.538538620537195	0.999998855087054	135264380.0
0.5395396722830366	0.9999988375926844	135050080.0
0.5405406596710127	0.9999988776250851	135579330.0
0.5415416035183007	0.9999988599029032	135275480.0
0.5425425729867291	0.9999988616090373	135234620.0
0.5435436115407333	0.9999988794785061	135471860.0
0.5445446467395882	0.9999988624478894	135382320.0
0.5455456150642157	0.9999988663295005	135280390.0
0.546546615949043	0.9999988829933812	135318230.0
0.5475476520629384	0.9999988836336668	135096450.0
0.548548629842987	0.9999988811190763	135811800.0
0.549549618146004	0.9999988770322886	135531850.0
0.5505506877351399	0.9999988886847867	135431810.0
0.551551661931279	0.9999989049846868	135393680.0
0.5525526674675632	0.9999988911804856	135604730.0
0.5535536659885351	0.9999989128409587	135758090.0
0.5545546195200041	0.9999988956216681	135797360.0
0.555555613008252	0.9999988906509711	135640340.0
0.556556633795215	0.9999988953100847	135565230.0
0.5575575732960595	0.99999890853581	135488210.0
0.5585585818824794	0.999998903018844	135635630.0
0.5595595685079218	0.9999989407268157	135704270.0
0.5605606589142346	0.9999989021837592	135647560.0
0.561561584155694	0.9999989047191887	136018870.0
0.5625626350627482	0.9999989465645233	135969950.0
0.5635636796407706	0.9999989119165781	135895110.0
0.5645646610047287	0.9999989278995381	135777480.0
0.5655656121723424	0.9999989392462972	135729720.0
0.5665666797026366	0.9999989366153788	136026800.0
0.5675677034634823	0.9999989400827184	135932320.0
0.568568636864055	0.9999989101124052	135953430.0
0.5695697038605755	0.9999989499851123	135819620.0
0.5705706005832653	0.9999989348363242	135801960.0
0.5715715745506442	0.9999989525681159	136091590.0
0.5725726191286665	0.9999989456736283	136093550.0
0.5735736772797931	0.9999989517336138	136029830.0
0.5745745929895784	0.9999989560413601	135982720.0
0.5755756670776646	0.9999989527789526	136179700.0
0.5765766834419309	0.9999989602544409	136282090.0
0.5775775781057791	0.9999989539374988	136073780.0
0.5785786468561276	0.9999989826526536	135932430.0
0.5795796461396335	0.9999989417994183	136231480.0
0.5805807059683349	0.9999989710670587	136039180.0
0.5815816530945187	0.9999989810164187	135976530.0
0.5825826577157621	0.999998972597366	136054620.0
0.5835836683610238	0.9999989612961608	136268460.0
0.5845846840390096	0.9999989952111408	136321990.0
0.5855857234318012	0.9999989648735838	136282580.0
0.5865866322787808	0.9999989960798206	136088100.0
0.587587638577599	0.9999989880340461	136321530.0
0.5885886918485085	0.9999989952009215	136322060.0
0.5895896737462404	0.9999989700133327	136281770.0
0.5905906583128411	0.9999989903749908	136207300.0
0.5915916212234774	0.9999990030994839	136193650.0
0.5925926938627493	0.9999990058194584	136228870.0
0.5935936035485162	0.9999989850363785	136287270.0
0.5945946413399864	0.9999989991968239	136340310.0
0.5955956056231841	0.9999990235875329	136184820.0
0.5965966160396855	0.9999989986667707	136430310.0
0.5975976336240063	0.9999989980001299	136267060.0
0.5985987423311336	0.999999020446218	136320160.0
0.5995997061568109	0.9999990146510191	136325710.0
0.6006006816492576	0.9999990249879421	136567700.0
0.6016016197775409	0.9999990158836835	136083600.0
0.6026026295077618	0.9999990258483571	136182770.0
0.603603657233784	0.999999008298999	136494440.0
0.6046046228895428	0.999999032730734	136434160.0
0.6056056873697011	0.999999030458013	136333480.0
0.6066066116961198	0.9999990261291957	136394040.0
0.6076076511651648	0.999999035974799	136181540.0
0.6086086139995479	0.999999029924759	136420620.0
0.6096097036433267	0.9999990312850898	136363180.0
0.6106106961402804	0.9999990525905705	136373690.0
0.6116116769704647	0.9999990323229232	136528900.0
0.6126127010363239	0.999999047098967	136639160.0
0.6136136366482452	0.9999990500912976	136139660.0
0.6146146462259593	0.9999990475418584	136483370.0
0.6156156127205055	0.9999990465718115	136544400.0
0.6166167377458592	0.9999990589359119	136493350.0
0.6176176916585953	0.9999990467687779	136304920.0
0.6186186648634402	0.9999990569913928	136421640.0
0.6196197198881777	0.9999990546542266	136330400.0
0.6206206870690042	0.9999990721172131	136667530.0
0.6216216979430261	0.9999990740311843	136582570.0
0.6226226526945495	0.9999990609810985	136642620.0
0.6236236843857481	0.9999990728105268	136420820.0
0.6246246315881854	0.9999990691595765	136336830.0
0.6256256555015376	0.9999990637782057	136721650.0
0.6266266412119393	0.9999990654654803	136575710.0
0.6276277141562246	0.9999990901450185	136552350.0
0.628628726097794	0.9999990608191003	136610820.0
0.6296297185947477	0.9999990778666433	136674660.0
0.6306306699148682	0.999999095506979	136295210.0
0.6316316967258497	0.9999990887486608	136561270.0
0.6326327517505872	0.9999991029554683	136697580.0
0.6336337291493688	0.9999990808670138	136624530.0
0.6346346773431	0.9999990858875082	136562200.0
0.6356356825743708	0.9999990989388123	136803640.0
0.6366367133505286	0.9999990840628529	136807680.0
0.6376376616967668	0.99999909610983	136254640.0
0.638638681721196	0.9999991011475378	136870030.0
0.6396396571373894	0.9999991117706438	136359920.0
0.6406407132296743	0.9999990944065462	136503800.0
0.6416416761403109	0.9999991124841265	136682500.0
0.6426426996723963	0.9999991107855453	136722730.0
0.6436437716253873	0.9999991159755574	136724590.0
0.644644673533308	0.9999990964842239	136640290.0
0.645645741368616	0.9999991233834524	136498750.0
0.6466466378625456	0.9999991134058056	136645180.0
0.6476477107305774	0.9999991172732239	136658250.0
0.648648691408255	0.9999991179729519	136639180.0
0.6496497704528118	0.9999991270932105	136572640.0
0.6506506604652029	0.9999991300991906	136461730.0
0.6516516967316052	0.9999991044919482	136479020.0
0.6526527297191116	0.9999991372096819	136489380.0
0.6536537559200658	0.9999991224788239	136741270.0
0.6546546573704661	0.9999991568395065	136636800.0
0.6556556495624063	0.999999112817111	136645350.0
0.6566567385199045	0.9999991615285554	136506320.0
0.6576577291105233	0.9999991279362964	136213090.0
0.6586586871409424	0.9999991253887897	136561850.0
0.6596597375904765	0.9999991451429979	136649430.0
0.66066079208144	0.9999991552882868	136404950.0
0.661661758728493	0.9999991430257908	136781820.0
0.6626627127174823	0.9999991427530839	136544770.0
0.6636637171099656	0.9999991437329927	136446280.0
0.6646647768624137	0.9999991469099	136334400.0
0.6656657149144435	0.9999991605496609	136532140.0
0.6666667482069635	0.9999991593832106	136590050.0
0.667667755725836	0.9999991629113071	136371790.0
0.6686687413599841	0.9999991528244326	136531530.0
0.6696697650445764	0.9999991497773034	136667310.0
0.670670776452372	0.9999991657338231	136467080.0
0.6716717037526732	0.9999991630049593	136717920.0
0.6726727741805963	0.9999991748713957	136476520.0
0.6736737420477037	0.9999991618098555	136688980.0
0.6746747345446574	0.9999991635073948	136537590.0
0.6756756766381171	0.9999991744733232	136686420.0
0.676676665093641	0.9999991823222798	136531880.0
0.677677732013908	0.9999991756007693	136447520.0
0.6786786930182096	0.9999991945982912	136755770.0
0.6796797607010107	0.9999991678311068	136616320.0
0.6806807154525341	0.9999991782712978	136551180.0
0.6816816963589717	0.999999179876552	136857200.0
0.6826826854245226	0.9999991749536729	136689560.0
0.6836837893276863	0.999999182330737	136569580.0
0.6846847143403855	0.9999991946331014	136546250.0
0.6856857472516386	0.9999991805509669	136816130.0
0.6866867401298592	0.9999991912700519	136376140.0
0.687687718138668	0.9999992016552977	137175610.0
0.6886887835338671	0.9999991953427101	136547730.0
0.6896897758020606	0.9999992015315449	136795100.0
0.6906907485493851	0.999999203266058	136605640.0
0.691691762702303	0.9999992078595149	136796500.0
0.6926927366696819	0.999999193827023	136732000.0
0.6936937325217849	0.9999992033625951	136864230.0
0.6946947860214545	0.9999991974209398	136604250.0
0.6956957207945884	0.99999920404658	136643600.0
0.6966967835209188	0.9999992199642803	136501770.0
0.6976977256906318	0.9999992163359669	136873700.0
0.6986986849411054	0.9999992012444756	137006550.0
0.699699743473499	0.9999992058456344	136794090.0
0.700700797049422	0.9999992308113791	136669660.0
0.701701733576384	0.9999992235281709	136612080.0
0.7027027108226587	0.9999992156834281	136771710.0
0.7037038176234514	0.99999920803489	136877660.0
0.7047047538453997	0.9999992250837312	136937870.0
0.7057056976164341	0.9999992403853241	136724890.0
0.7067067466171534	0.9999992098450667	137021150.0
0.7077077018261969	0.9999992372646449	136897400.0
0.7087087916224826	0.9999992205374288	136638860.0
0.7097097415700421	0.9999992283811413	136593430.0
0.7107108124554857	0.9999992324644582	136760360.0
0.7117117457035517	0.999999242502213	136943620.0
0.7127126955748576	0.9999992407605214	136940360.0
0.7137137419829616	0.9999992408251478	137061290.0
0.7147147080199873	0.9999992399889448	137021190.0
0.7157158378493049	0.9999992332211545	136530050.0
0.7167167802477784	0.9999992430932759	136906130.0
0.7177177549776911	0.9999992405728207	136836740.0
0.7187187481609253	0.9999992465115727	136960240.0
0.7197197175531004	0.9999992519334873	136769350.0
0.7207207567171318	0.9999992399329554	137119920.0
0.7217217131462298	0.9999992609416221	137048720.0
0.7227227856329946	0.9999992561279414	136788470.0
0.7237237047741826	0.9999992402115679	137134480.0
0.7247247613239879	0.9999992562382488	137060630.0
0.7257258515777938	0.9999992719753517	137221890.0
0.7267267465466556	0.9999992506806175	136725970.0
0.72772781834714	0.999999258884965	137040950.0
0.728728710494626	0.9999992650816782	137237580.0
0.7297297278501864	0.9999992639663525	137169410.0
0.7307308449451873	0.9999992651744567	137019970.0
0.7317317232145556	0.9999992647627726	137285530.0
0.7327327626836005	0.9999992730890177	137356600.0
0.7337338590376781	0.9999992661201834	137012980.0
0.7347348375802605	0.9999992737173168	137299990.0
0.7357357959919467	0.9999992753373211	137068090.0
0.7367368051121406	0.9999992674270857	137342130.0
0.7377377613887318	0.999999280797992	137234540.0
0.7387388693333252	0.9999992790465368	137326900.0
0.7397397789428388	0.9999992727967307	137202660.0
0.7407408226058204	0.999999284955401	137071710.0
0.7417417526512438	0.9999992759276624	137221530.0
0.7427428231554204	0.9999992859317006	137177210.0
0.7437438366220578	0.9999992939990913	137661840.0
0.7447447688788296	0.9999992872950814	137177160.0
0.7457458440344632	0.9999992805644488	137506950.0
0.746746762336864	0.9999992894509339	136932540.0
0.7477478718827787	0.9999992945246247	137190550.0
0.7487488166451072	0.9999992910412269	137500090.0
0.749749807235726	0.9999992984286757	137202140.0
0.7507508118569696	0.99999929270531	137309080.0
0.7517517441899948	0.9999992972522259	137290550.0
0.7527527482774645	0.999999294903313	137122300.0
0.7537537458833957	0.9999993039781246	137693980.0
0.7547548208865227	0.9999992964683839	137144190.0
0.755755844799875	0.9999993113152897	137691850.0
0.7567568017627468	0.999999299658297	137470360.0
0.7577577966235558	0.9999993131919599	137358460.0
0.7587587824864641	0.9999993147001367	137494850.0
0.7597598186003597	0.9999993045152712	137532850.0
0.7607607981342362	0.9999993035524984	137659360.0
0.761761758757271	0.9999993115705347	137315110.0
0.7627627741302432	0.9999993125207506	137418220.0
0.7637637703636132	0.9999993166806962	137823540.0
0.7647648166954637	0.9999993188944709	137541040.0
0.7657657711419735	0.9999993108730705	137464430.0
0.766766752200918	0.9999993281576408	137823470.0
0.7677677932712842	0.999999325027878	137792820.0
0.7687688068141749	0.9999993275929715	137920680.0
0.7697697737662413	0.9999993102808394	137706180.0
0.7707707818188876	0.9999993264145237	137581720.0
0.7717718016145566	0.9999993182293837	137797920.0
0.7727728613670046	0.9999993355116674	137626610.0
0.7737738672083025	0.9999993342687095	138029820.0
0.7747748615353377	0.9999993321645141	137949110.0
0.7757758433568162	0.9999993290441026	137912350.0
0.7767767740885201	0.9999993320152561	137755020.0
0.7777778188190493	0.9999993325925919	137822070.0
0.77877877867955	0.9999993373013014	137946870.0
0.779779823562586	0.9999993411279838	137789750.0
0.7807808484672325	0.99999933451872	137966740.0
0.781781763872004	0.9999993456360073	138008180.0
0.7827827853452479	0.999999338200568	138041060.0
0.7837838735402121	0.9999993457996806	137890950.0
0.7847848499476996	0.9999993529936814	137840340.0
0.7857858258976665	0.9999993326716593	138000920.0
0.7867868730683044	0.9999993519175856	137947770.0
0.787787794878361	0.9999993558562534	138105720.0
0.7887887693795136	0.9999993518859885	137942920.0
0.7897898314195635	0.9999993460448566	137751040.0
0.7907908922395589	0.9999993554585122	138142330.0
0.7917918530151005	0.9999993486333463	137951920.0
0.7927927794003609	0.9999993433027526	138131390.0
0.7937938281723199	0.9999993632944635	138104690.0
0.794794801605925	0.9999993693095316	138196400.0
0.7957958015757114	0.9999993652868405	137874030.0
0.7967968223626747	0.9999993618909314	137975680.0
0.7977977700988856	0.9999993565513463	137798500.0
0.7987988036964191	0.9999993617882879	138338920.0
0.7997998662702427	0.9999993675223189	138220690.0
0.8008008265882639	0.9999993603527224	137881300.0
0.8018017874400587	0.9999993803320938	138208110.0
0.8028028997310958	0.9999993515266586	137971380.0
0.8038038526525375	0.9999993757126198	138028980.0
0.8048048267724232	0.9999993767646218	138191250.0
0.8058058785182646	0.9999993759579169	138066920.0
0.806806825568195	0.9999993713181469	137915600.0
0.8078077926727684	0.9999993695215434	138272670.0
0.8088089029812171	0.9999993825197409	138162850.0
0.8098098368393101	0.9999993874047483	137707930.0
0.8108108837811877	0.9999993667654821	138397080.0
0.8118117876716967	0.9999993803352321	138142890.0
0.812812900420254	0.9999993878824125	137901270.0
0.81381383366832	0.9999993919908465	138094620.0
0.8148148543790298	0.9999993882310393	138135380.0
0.8158158074529785	0.9999993751187966	138091670.0
0.8168168058976969	0.9999993763077298	138036370.0
0.8178179106396478	0.9999993896893199	138066600.0
0.8188188698138681	0.9999994032574977	138213740.0
0.8198198147287034	0.9999994006208862	138128680.0
0.820820814545983	0.9999993838870771	137886310.0
0.8218219170003321	0.9999993938916227	137941660.0
0.8228228410217372	0.9999993923564154	138193840.0
0.8238237953919936	0.9999993879347198	138305550.0
0.8248248498067039	0.9999994169247296	138025500.0
0.825825851454065	0.9999993872858748	137885870.0
0.8268268479161953	0.9999994105593729	137849910.0
0.8278279094224713	0.9999994022328096	138122390.0
0.8288288139992609	0.9999993968367165	138197970.0
0.8298298207555995	0.9999993989601866	137969280.0
0.8308308137100735	0.999999403258541	137838800.0
0.8318318900857615	0.9999994083332928	138093040.0
0.8328328113620446	0.9999994180861591	137835500.0
0.8338338632603928	0.9999994078391922	138151170.0
0.8348349103547773	0.9999994078338594	137835580.0
0.8358359287016318	0.9999994132357335	137660860.0
0.8368369354579704	0.9999994213262389	138137790.0
0.8378378793052582	0.999999412194494	138100290.0
0.8388388373356775	0.9999994142956906	137703180.0
0.8398398430244685	0.9999994125952282	137773280.0
0.8408408583211874	0.9999994177505791	138016720.0
0.8418418896311191	0.9999994216275193	137622510.0
0.8428429130869511	0.9999994227194449	137817910.0
0.8438438268141478	0.9999994191221729	137760770.0
0.8448448867953561	0.9999994270562604	137906970.0
0.8458458125705893	0.999999425649472	137669250.0
0.8468469285217892	0.9999994167682362	137413480.0
0.8478478650487512	0.9999994312136219	137822620.0
0.8488488466414694	0.99999943191185	137342830.0
0.8498499044113291	0.999999431987419	137496600.0
0.8508508625942552	0.9999994272129981	137564070.0
0.8518518632503222	0.9999994307059147	137472270.0
0.8528529295605621	0.9999994255832071	137571820.0
0.8538538738653704	0.9999994483942909	137368260.0
0.8548548415799707	0.9999994278918761	137224700.0
0.8558558640445086	0.999999443595232	137086110.0
0.8568569154090832	0.9999994311850614	137425310.0
0.8578579402374763	0.9999994361263483	137467970.0
0.8588589127560405	0.9999994460857202	137055260.0
0.8598598500455366	0.9999994424079547	136992430.0
0.8608608646559747	0.9999994383395079	137001040.0
0.861861912131626	0.9999994418618567	137097490.0
0.8628629081362359	0.9999994512437627	137177860.0
0.8638639286181856	0.9999994529429084	136801500.0
0.8648649482613479	0.9999994450530376	137135730.0
0.8658658484916939	0.9999994440655436	136437610.0
0.866866859213209	0.9999994469318542	136760460.0
0.8678679347501097	0.9999994426679394	136964480.0
0.8688688904929271	0.9999994649349994	136619290.0
0.8698698688830028	0.9999994574510863	136910290.0
0.8708709247465275	0.9999994529512541	136390660.0
0.8718718900972727	0.999999452149807	136592830.0
0.8728729306338653	0.9999994571906169	136391950.0
0.8738739350263486	0.9999994612961669	136258770.0
0.8748749328610399	0.9999994587257677	136582380.0
0.8758758839524003	0.9999994575912254	136289910.0
0.8768769594130477	0.9999994590660037	136379480.0
0.8778778398175109	0.9999994749132649	136155500.0
0.8788788844717867	0.9999994649638391	136049680.0
0.8798799605424612	0.9999994608235308	135838500.0
0.8808808980607172	0.9999994595425379	135956750.0
0.8818819771815275	0.999999475673952	135982900.0
0.8828828589585519	0.999999472598559	135917440.0
0.8838839518812266	0.999999464923778	135670630.0
0.8848848523403328	0.9999994720933271	135448040.0
0.8858858671032778	0.9999994748038219	135662410.0
0.8868868651667294	0.9999994732898319	135472820.0
0.887887912489874	0.999999473925451	135407080.0
0.8888888624374334	0.9999994766387565	134888610.0
0.889889864389808	0.9999994793634907	135285490.0
0.890890881440355	0.9999994773842891	135093770.0
0.8918919572060158	0.9999994797283472	134934260.0
0.8928929457377931	0.9999994756371524	135003320.0
0.8938938593124831	0.9999994896374074	134920400.0
0.8948948756767494	0.9999994831515803	134708380.0
0.8958959238386814	0.9999994793714102	134431330.0
0.8968969858787312	0.9999994856760794	134572730.0
0.8978978999109417	0.9999994951209307	134425370.0
0.8988989491404211	0.999999488609907	134367520.0
0.8998999770952034	0.9999994840713482	134299550.0
0.9009009355068897	0.9999994879547666	133844660.0
0.9019019198447302	0.9999994927243526	134229060.0
0.9029029651852865	0.9999994942750812	134056460.0
0.9039039527257695	0.9999994954569419	133669600.0
0.9049049812143257	0.9999994955326504	133824850.0
0.905905913547351	0.9999994952563835	133741470.0
0.9069069406633459	0.999999493856674	133925120.0
0.9079079238573854	0.999999497445737	133533700.0
0.908908883107859	0.9999995059791339	133540030.0
0.9099099029797815	0.999999494372045	133715850.0
0.9109109354335141	0.9999995060224253	133275720.0
0.9119119199238613	0.9999994972762178	133511280.0
0.9129129702971418	0.9999995161335087	133353750.0
0.9139139536436882	0.9999995035955007	133278680.0
0.9149149084714648	0.9999994947147952	133332960.0
0.9159159207943012	0.9999995132801316	132972120.0
0.9169168985743497	0.9999995153146611	133132720.0
0.9179179012892583	0.9999995121961666	133132420.0
0.9189189674469915	0.999999502963299	132957620.0
0.9199198929172111	0.9999995125908056	132595520.0
0.9209208984534953	0.9999995163951867	133018300.0
0.9219219002533633	0.9999995154298795	132734860.0
0.9229229859319655	0.999999508921535	132435900.0
0.9239239443436518	0.9999995247170235	132217940.0
0.924924908931863	0.9999995189390323	132560650.0
0.9259259567887813	0.9999995151001346	132398340.0
0.9269269557672737	0.999999519557954	131933450.0
0.9279278897778735	0.9999995299045589	131994070.0
0.928928944802611	0.9999995169641849	132189250.0
0.9299300383353128	0.9999995214164323	131794490.0
0.9309309512237225	0.9999995248747328	131642410.0
0.9319319807035727	0.9999995381495905	131851170.0
0.9329329855535763	0.9999995190324349	131464340.0
0.9339340541514181	0.9999995235211159	131641130.0
0.934934969632443	0.999999533021117	131463880.0
0.9359360041450173	0.9999995335254108	131394430.0
0.9369369468485043	0.9999995301502367	131385990.0
0.9379379684742548	0.99999953496816	131391020.0
0.9389389050012167	0.9999995352419697	131057780.0
0.9399399135113834	0.9999995325056451	131128210.0
0.9409409639609172	0.9999995426126618	131103140.0
0.9419420022861612	0.999999532969202	131036320.0
0.9429430284871154	0.999999538535499	130940660.0
0.9439439056889362	0.9999995451755165	131022470.0
0.9449449689490403	0.9999995440195629	131081930.0
0.9459459925573791	0.9999995344747576	130739160.0
0.9469469490627305	0.9999995472738978	130938530.0
0.947947995775848	0.9999995458531544	130796690.0
0.9489489897216162	0.9999995458144425	130832030.0
0.9499499028387859	0.9999995445525552	130741440.0
0.95095094116403	0.9999995506179563	130698560.0
0.9519519050659606	0.9999995548738019	130633080.0
0.9529529610057389	0.99999954671178	130567960.0
0.95395395861167	0.9999995541238478	130543100.0
0.9549549071866683	0.9999995505194739	130601510.0
0.955955917450663	0.999999551863889	130451290.0
0.9569569479218074	0.9999995576247878	130341590.0
0.9579579542206256	0.999999559408458	130477900.0
0.9589589451925115	0.9999995577829706	130058310.0
0.9599599816876739	0.9999995609689816	130293590.0
0.960960978683578	0.9999995559945708	130191010.0
0.9619619892525862	0.9999995677401976	129985910.0
0.9629629804532323	0.9999995594104697	130100650.0
0.9639639599871089	0.9999995670435721	129893350.0
0.9649649912207872	0.9999995646096014	130018860.0
0.9659659357543556	0.9999995645488382	129878630.0
0.9669669513560879	0.9999995719868366	129912360.0
0.9679679722193046	0.9999995711705673	129798160.0
0.9689690010128742	0.9999995653842733	129666770.0
0.9699699639235109	0.9999995753314992	129651500.0
0.9709710360290087	0.9999995758212259	129367710.0
0.971972043700388	0.9999995704769719	129338180.0
0.9729730622760028	0.9999995763678408	129005260.0
0.9739739827897518	0.9999995782312663	129091510.0
0.9749749529444608	0.9999995772301058	128698970.0
0.9759760309977235	0.9999995789667036	128548280.0
0.9769769566967034	0.9999995856842483	128549750.0
0.9779779554464355	0.9999995773707874	128178610.0
0.9789790056672091	0.999999587146841	128256350.0
0.979979995876561	0.9999995837439168	128180220.0
0.9809809398763556	0.9999995896563642	128033550.0
0.9819819589094907	0.9999995823866327	127768710.0
0.9829829530077658	0.9999995914688128	127738300.0
0.9839839933918514	0.9999995901946604	127243240.0
0.9849849607251849	0.9999995939466207	127126960.0
0.985986026501651	0.999999597504131	126708380.0
0.986986941601409	0.9999995915735577	126426520.0
0.9879880384130069	0.9999995985057346	125931730.0
0.9889890819234818	0.9999995979449519	125798190.0
0.9899900276008511	0.9999996011367126	125316420.0
0.9909909771671436	0.9999996020967117	125083240.0
0.9919920690985241	0.9999996037965406	124908070.0
0.992992990374807	0.9999996031812959	124652660.0
0.9939940091029286	0.9999996081104684	124622530.0
0.9949949431135284	0.9999996102245599	124369550.0
0.995996018421669	0.9999996105375168	124034580.0
0.996996998031799	0.9999996112216378	123486650.0
0.9979979617812229	0.9999996157579669	122474830.0
0.9989990322091461	0.9999996208561222	122283220.0
1.0	0.9999996207398865	126202040.0
